0.8373046517372131
0.8362335562705994
0.8710004091262817
0.8376036286354065
0.8568968176841736
0.8467031717300415
0.8683342933654785
0.8416172862052917
0.8272973895072937
0.852794885635376
0.8551204800605774
0.8540337085723877
0.8394418954849243
0.8536624908447266
0.8704565167427063
0.8549596667289734
0.8248807191848755
0.8339061737060547
0.8297595977783203
0.8356744647026062
0.8650097846984863
0.8418172001838684
0.8190609216690063
0.823805034160614
0.8459757566452026
0.8414820432662964
0.8485561609268188
0.8237420320510864
0.7901526093482971
0.8347403407096863
0.8627830147743225
0.8503963947296143
0.8341878652572632
0.8444578051567078
0.7947568893432617
0.8331581950187683
0.8525773882865906
0.8571176528930664
0.8608552813529968
0.8587357997894287
0.8658831715583801
0.8662641644477844
0.8492004871368408
0.8510996699333191
0.8867853879928589
0.8368399739265442
0.8713567852973938
0.8699657320976257
0.8246636986732483
0.8274110555648804
0.8702412843704224
0.8447079062461853
0.8487999439239502
0.8519784212112427
0.8614304661750793
0.8439680933952332
0.8553242087364197
0.8417840003967285
0.8696891665458679
0.8606448769569397
0.8346499800682068
0.8380128741264343
0.8723968267440796
0.8213825225830078
0.847746729850769
0.8469148278236389
0.8212781548500061
0.8493349552154541
0.8715582489967346
0.8283162117004395
0.8553725481033325
0.8407236933708191
0.846068799495697
0.8514711856842041
0.8223330974578857
0.8301073908805847
0.8615424036979675
0.840433657169342
0.8589707612991333
0.8495230078697205
0.8417508602142334
0.8598001003265381
0.8594475388526917
0.8191472887992859
0.8729684948921204
0.855404794216156
0.8499173521995544
0.8593629002571106
0.846236526966095
0.8577097654342651
0.8298580646514893
0.8575320839881897
0.8551332354545593
0.8677353262901306
0.8389900922775269
0.8511003255844116
0.8560002446174622
0.8506612181663513
0.8644759058952332
0.822223961353302
0.8460692167282104
0.843483567237854
0.8418946862220764
0.8432324528694153
0.8338035941123962
0.8688591718673706
0.8542935252189636
0.8411775231361389
0.8743992447853088
0.8212575912475586
0.8566064238548279
0.8331277370452881
0.819265604019165
0.839618980884552
0.8347257375717163
0.8574755787849426
0.8665027618408203
0.8580725789070129
0.8545100092887878
0.8479704856872559
0.8760221600532532
0.835655152797699
0.8022222518920898
0.8616571426391602
0.854514479637146
0.8336894512176514
0.8605585694313049
0.8497079610824585
0.8469564914703369
0.8464673161506653
0.8574685454368591
0.8489089012145996
0.8534701466560364
0.8494036793708801
0.8743672966957092
0.8476427793502808
0.8500573039054871
0.8483881950378418
0.8575848937034607
0.8468327522277832
0.8841976523399353
0.8452672958374023
0.8425403833389282
0.810640811920166
0.8162598609924316
0.8391836881637573
0.8444569110870361
0.8673840165138245
0.8438546061515808
0.8349184393882751
0.8478893637657166
0.8498393297195435
0.8402551412582397
0.8423147797584534
0.8481374382972717
0.8288288116455078
0.8211669325828552
0.8458743095397949
0.8705131411552429
0.8308612704277039
0.8288490772247314
0.8240481019020081
0.7823326587677002
0.8427022695541382
0.8393131494522095
0.8499376773834229
0.7851045727729797
0.852713942527771
0.8551529049873352
0.8401942849159241
0.8437322378158569
0.839455783367157
0.8325989246368408
0.8760280013084412
0.8710897564888
0.8539571166038513
0.8424407839775085
0.8309713006019592
0.8332903385162354
0.8309201002120972
0.8393001556396484
0.8419512510299683
0.8183839321136475
0.8267087936401367
0.7983013987541199
0.8638774752616882
0.8439391851425171
0.8405664563179016
0.8435695767402649
0.8521376848220825
0.8499621748924255
0.8207520246505737
0.8306875824928284
0.857394278049469
0.8623267412185669
0.8784176111221313
0.8257015347480774
0.854641318321228
0.8415043950080872
0.8386141061782837
0.8597590923309326
0.8475847244262695
0.8483259677886963
0.8664677143096924
0.8467031717300415
0.8366935849189758
0.8327843546867371
0.8595255017280579
0.8445364236831665
0.8281423449516296
0.8538996577262878
0.8527308106422424
0.8403491377830505
0.8515928387641907
0.8373733162879944
0.8335025906562805
0.8512810468673706
0.854526937007904
0.8481230139732361
0.8089562654495239
0.8619555234909058
0.8116087913513184
0.8505502343177795
0.8625183701515198
0.841918408870697
0.8385395407676697
0.8555277585983276
0.8610579371452332
0.8347241878509521
0.8486575484275818
0.8304010033607483
0.8387104272842407
0.8432174921035767
0.8414358496665955
0.8294914364814758
0.8351730704307556
0.8290123343467712
0.8184671401977539
0.8308576345443726
0.8341380953788757
0.8300354480743408
0.8637101650238037
0.8352379202842712
0.8323421478271484
0.8479833006858826
0.8596503734588623
0.8384191989898682
0.8386150598526001
0.8399472832679749
0.8508662581443787
0.8413429260253906
0.8636410236358643
0.8246804475784302
0.8552483916282654
0.8672900199890137
0.847011148929596
0.8302595615386963
0.816685140132904
0.8575035929679871
0.8504739999771118
0.8497092127799988
0.8486053943634033
0.8665382862091064
0.8398322463035583
0.8442239761352539
0.8463960289955139
0.8606202006340027
0.8199347257614136
0.8498964309692383
0.850376307964325
0.8546191453933716
0.8645948171615601
0.8569854497909546
0.8364553451538086
0.8346390724182129
0.8682389855384827
0.8504778742790222
0.8615537881851196
0.8575384616851807
0.8438259363174438
0.846958339214325
0.8462113738059998
0.8464453220367432
0.854634165763855
0.8370224237442017
0.8601877093315125
0.8415182828903198
0.8686872124671936
0.8250044584274292
0.8612810969352722
0.85301274061203
0.8138901591300964
0.8781203031539917
0.8761413097381592
0.8590728640556335
0.8620270490646362
0.8466712236404419
0.8280673623085022
0.8195881843566895
0.8329638242721558
0.8502722978591919
0.8540865778923035
0.8528096079826355
0.8100071549415588
0.8295801877975464
0.8566547632217407
0.85933917760849
0.8194130659103394
0.8505792617797852
0.8468034267425537
0.8379587531089783
0.8643612861633301
0.7907925844192505
0.8518215417861938
0.884922206401825
0.8567023277282715
0.8556409478187561
0.8273316025733948
0.8856642842292786
0.8595688939094543
0.8347446322441101
0.8562237620353699
0.8756716251373291
0.8614808320999146
0.8511022329330444
0.843083381652832
0.7822628021240234
0.8301961421966553
0.8443971872329712
0.8375293016433716
0.8278802633285522
0.8441190719604492
0.8443483114242554
0.8312152624130249
0.8613103628158569
0.8559628129005432
0.8588407635688782
0.8572073578834534
0.8594763278961182
0.8594107031822205
0.8483369946479797
0.8703699111938477
0.8163799047470093
0.84223473072052
0.8533974289894104
0.8600255250930786
0.8594472408294678
0.8345693349838257
0.8456165194511414
0.8431116342544556
0.8458538055419922
0.8373410105705261
0.83315110206604
0.8607772588729858
0.8227041959762573
0.8717684745788574
0.8341328501701355
0.8578335046768188
0.8278180360794067
0.8352100849151611
0.8637813925743103
0.8535223603248596
0.8709114193916321
0.8519880771636963
0.8621137738227844
0.8607107996940613
0.879188060760498
0.852498471736908
0.8344066739082336
0.8602220416069031
0.8636649250984192
0.8422120809555054
0.7487818598747253
0.8462232947349548
0.8665620684623718
0.836259663105011
0.8548751473426819
0.8265430331230164
0.865479052066803
0.8584754467010498
0.820753276348114
0.8518859148025513
0.8238763213157654
0.8624297380447388
0.8627890944480896
0.8573771119117737
0.8520705103874207
0.8381498456001282
0.7939441800117493
0.8198381662368774
0.8332098722457886
0.8202236294746399
0.8835943341255188
0.8694409132003784
0.8447588682174683
0.8509193062782288
0.8669080138206482
0.8062341809272766
0.8181151151657104
0.8644862174987793
0.8331345319747925
0.8573552966117859
0.8311939239501953
0.8370414972305298
0.8666917681694031
0.8673059344291687
0.8313015103340149
0.8349552750587463
0.8353285789489746
0.8753407001495361
0.7980549931526184
0.7976029515266418
0.8581854701042175
0.856619656085968
0.8560513854026794
0.8457739949226379
0.8592035174369812
0.8187249302864075
0.8049221634864807
0.836489737033844
0.8542121648788452
0.8709006905555725
0.8365540504455566
0.8679972887039185
0.8651489615440369
0.8650394678115845
0.8338168859481812
0.8524702191352844
