0.8384398818016052
0.8442361354827881
0.8296368718147278
0.8347280025482178
0.8287822604179382
0.8325462341308594
0.8299357891082764
0.8591039180755615
0.818726658821106
0.8362546563148499
0.829735517501831
0.8345722556114197
0.8217024207115173
0.8285954594612122
0.8242772817611694
0.8168857097625732
0.8530308604240417
0.8342634439468384
0.8368529081344604
0.8270388841629028
0.819868266582489
0.8378334641456604
0.8180777430534363
0.8539791107177734
0.8501164317131042
0.8377491235733032
0.8268868923187256
0.8291442394256592
0.8321427702903748
0.8532819747924805
0.818354606628418
0.8098451495170593
0.8556002378463745
0.8650326728820801
0.8368889093399048
0.8251060843467712
0.8233002424240112
0.8288165926933289
0.8298925757408142
0.8167230486869812
0.8194872736930847
0.8167737126350403
0.8428415060043335
0.8110048770904541
0.8430619239807129
0.8520928621292114
0.8640914559364319
0.8430628180503845
0.8330020904541016
0.8272420167922974
0.7989286184310913
0.8261538743972778
0.8391814827919006
0.8214281797409058
0.8052545785903931
0.8279138803482056
0.8304495811462402
0.8386507630348206
0.8286125659942627
0.843940019607544
0.8299903273582458
0.8203001618385315
0.8183331489562988
0.8259232640266418
0.8295433521270752
0.831443190574646
0.8347986340522766
0.8404151797294617
0.812745988368988
0.8151049017906189
0.8283125758171082
0.801885187625885
0.8354015350341797
0.8406431674957275
0.8124299645423889
0.8195858597755432
0.841906726360321
0.8208250999450684
0.8124509453773499
0.8540605306625366
0.8250430226325989
0.8172820210456848
0.842355489730835
0.8215799927711487
0.8361756205558777
0.8491818904876709
0.8189656138420105
0.8331875801086426
0.8474223017692566
0.8234010934829712
0.8499154448509216
0.8207451701164246
0.8389285802841187
0.8411014080047607
0.8484895825386047
0.8214645981788635
0.826913595199585
0.8382800817489624
0.831320583820343
0.8316463232040405
0.8227279782295227
0.8354275226593018
0.8325909972190857
0.8162469267845154
0.83060622215271
0.8299434781074524
0.8329792618751526
0.8294709324836731
0.8304526805877686
0.8341818451881409
0.8326724171638489
0.8142403960227966
0.8201724290847778
0.8293209671974182
0.8245474696159363
0.8280559778213501
0.8474006056785583
0.820501983165741
0.8125205039978027
0.8260518312454224
0.8262596726417542
0.8240715265274048
0.8294553756713867
0.835515022277832
0.8321412801742554
0.8304768800735474
0.822049081325531
0.8243346214294434
0.8188523650169373
0.8274931907653809
0.8503962159156799
0.8566359281539917
0.8411014676094055
0.826249897480011
0.8311888575553894
0.8291858434677124
0.818909764289856
0.8395926356315613
0.8412056565284729
0.8596127033233643
0.8376649618148804
0.8296598196029663
0.8416242003440857
0.8315690159797668
0.8301813006401062
0.8373206257820129
0.8229419589042664
0.8540720343589783
0.821687638759613
0.8131106495857239
0.8217742443084717
0.8447556495666504
0.8325936198234558
0.8228875398635864
0.8303302526473999
0.8390217423439026
0.8284411430358887
0.8093321919441223
0.8302438855171204
0.8331260681152344
0.8255082964897156
0.8278580904006958
0.832125723361969
0.8241397738456726
0.8299800157546997
0.8361966609954834
0.8633915185928345
0.8420180678367615
0.8364431858062744
0.8205586075782776
0.829176664352417
0.8336491584777832
0.8270208835601807
0.8216509222984314
0.8278855681419373
0.8174722790718079
0.8342568278312683
0.8293519616127014
0.8353923559188843
0.8342834711074829
0.851375162601471
0.8216345310211182
0.8290626406669617
0.824090301990509
0.8271018862724304
0.8459352254867554
0.8293907046318054
0.8161296844482422
0.8314435482025146
0.8377165198326111
0.8298407196998596
0.8378158211708069
0.8434782028198242
0.8223415613174438
0.8418639898300171
0.8323375582695007
0.8205649256706238
0.8342504501342773
0.8052583932876587
0.8527995944023132
0.8367552757263184
0.8294495940208435
0.8271108269691467
0.8411064147949219
0.8028469681739807
0.8356102705001831
0.8456417322158813
0.8383392691612244
0.8172584772109985
0.8264854550361633
0.8193701505661011
0.8328986167907715
0.8443731069564819
0.8203310370445251
0.8125789165496826
0.8436281085014343
0.8495645523071289
0.8221542239189148
0.8345504999160767
0.8192717432975769
0.8413578867912292
0.8319036960601807
0.8463366627693176
0.8160465359687805
0.8301166296005249
0.839576780796051
0.826072633266449
0.8297443389892578
0.8259942531585693
0.8563843369483948
0.8468277454376221
0.832597017288208
0.8418106436729431
0.8735982775688171
0.8275438547134399
0.8327767848968506
0.8457843065261841
0.8468624353408813
0.8389038443565369
0.8223570585250854
0.822331964969635
0.8181354999542236
0.8296574950218201
0.8261314034461975
0.8230780363082886
0.8146234154701233
0.809698760509491
0.8156479001045227
0.8116341233253479
0.8372756838798523
0.8334404826164246
0.8360157608985901
0.8443988561630249
0.8228164315223694
0.8429546356201172
0.8278952240943909
0.8247374296188354
0.8391969799995422
0.8164471387863159
0.8362576961517334
0.8338688611984253
0.830265998840332
0.8243786692619324
0.8421638011932373
0.8256768584251404
0.8202004432678223
0.8305729627609253
0.8479505181312561
0.8274560570716858
0.8233902454376221
0.823634922504425
0.8096755743026733
0.8333321809768677
0.8396829962730408
0.8371503949165344
0.8235145807266235
0.8172924518585205
0.836634635925293
0.8219351768493652
0.8377360701560974
0.8283603191375732
0.8178314566612244
0.8302345275878906
0.8123117685317993
0.8296111822128296
0.8335657715797424
0.8546302914619446
0.8269931077957153
0.8204389810562134
0.817514181137085
0.822881281375885
0.8339037895202637
0.8506754636764526
0.8457040786743164
0.851588249206543
0.8248371481895447
0.8299410343170166
0.820854663848877
0.8396657109260559
0.8335574269294739
0.8456619381904602
0.8325433135032654
0.818816602230072
0.8123747110366821
0.8220045566558838
0.8314041495323181
0.8457087874412537
0.8165536522865295
0.8293307423591614
0.8538094162940979
0.8261237740516663
0.8389135599136353
0.8370309472084045
0.8134205341339111
0.8066884279251099
0.8255820274353027
0.8254116773605347
0.8446530699729919
0.867466390132904
0.8413781523704529
0.827455997467041
0.8270971179008484
0.8097124099731445
0.8507583737373352
0.8293128609657288
0.842940092086792
0.8411614298820496
0.8227396011352539
0.8340783715248108
0.8480530977249146
0.8388073444366455
0.8325363993644714
0.8081583976745605
0.8338625431060791
0.8417397141456604
0.8428467512130737
0.819958508014679
0.8240898251533508
0.8423970341682434
0.8389483690261841
0.8214243650436401
0.8419626951217651
0.8202822804450989
0.8294989466667175
0.8268789052963257
0.8303603529930115
0.850468635559082
0.8587415814399719
0.813604474067688
0.8315410017967224
0.849625289440155
0.8196011781692505
0.855977475643158
0.8487666845321655
0.8361386060714722
0.8565692901611328
0.8501827716827393
0.8309673070907593
0.8406789898872375
0.8171530961990356
0.8339835405349731
0.8498371243476868
0.8325706720352173
0.835840106010437
0.8291361331939697
0.8353952765464783
0.8269674777984619
0.8237004280090332
0.8472223281860352
0.8230440616607666
0.8110892176628113
0.8197497725486755
0.8391149044036865
0.8189592957496643
0.840129554271698
0.8122806549072266
0.8319922089576721
0.8359408974647522
0.8279629349708557
0.8179299831390381
0.8336017727851868
0.825459361076355
0.8147225379943848
0.8230957984924316
0.83842933177948
0.8319300413131714
0.8105301260948181
0.8451541066169739
0.8170449137687683
0.8454519510269165
0.8470963835716248
0.8255420327186584
0.8279186487197876
0.8250006437301636
0.8227482438087463
0.8174165487289429
0.8472861647605896
0.8359937071800232
0.8290891647338867
0.8362650871276855
0.8232064247131348
0.8334008455276489
0.8425807952880859
0.825419545173645
0.8387249708175659
0.8300889134407043
0.8274515271186829
0.8400041460990906
0.8319041728973389
0.8188043236732483
0.813163161277771
0.8114902377128601
0.8389386534690857
0.8181213140487671
0.8275954127311707
0.8251099586486816
0.8294785618782043
0.8367871046066284
0.8426653742790222
0.8308050632476807
0.8115794658660889
0.8190418481826782
0.8320364356040955
0.8245763778686523
0.8218303322792053
0.8112738728523254
0.8306935429573059
0.8332369327545166
0.8436679840087891
0.8434479832649231
0.8173806667327881
0.8290519118309021
0.8411210775375366
0.8403663635253906
0.8432660698890686
0.8198739886283875
0.8274746537208557
0.8201025128364563
0.8285048604011536
0.8507704734802246
0.8250501751899719
0.8292441368103027
0.8234351873397827
0.8129311203956604
0.8242535591125488
0.8404664993286133
0.8115822076797485
0.8152450919151306
0.8325949907302856
0.8373563289642334
0.8283118605613708
0.8458291292190552
0.8111881613731384
0.8325117826461792
0.8264443278312683
0.8491449952125549
0.8504835963249207
0.8379267454147339
0.8323617577552795
0.834650993347168
0.8344139456748962
0.8183331489562988
0.8422939777374268
0.831443190574646
0.8233842253684998
0.831366240978241
0.8525476455688477
0.8207579851150513
0.8290532827377319
0.8511776328086853
0.8407130837440491
0.8225765228271484
0.8279129266738892
0.8080882430076599
0.8314597010612488
0.8211122751235962
0.8268294334411621
0.8360880017280579
0.8518193960189819
0.832069993019104
0.8564065098762512
0.8309918642044067
0.8253927826881409
0.8313494324684143
0.8157382607460022
0.8507985472679138
0.8279296159744263
0.8256549835205078
0.8383201360702515
0.8284745216369629
0.8344340920448303
0.8237372040748596
0.8465172052383423
0.8135043382644653
0.8359134793281555
0.8112890720367432
0.853795051574707
0.8384536504745483
0.8268410563468933
0.8306496739387512
0.8382731676101685
0.832191526889801
0.8258497714996338
0.8224779963493347
0.8306368589401245
0.8196659088134766
0.8425390720367432
0.8351035118103027
0.8205175399780273
0.8426237106323242
0.8365470767021179
0.8332355618476868
0.8415543437004089
0.8386073708534241
0.8429678678512573
0.8232476711273193
0.824478268623352
0.8278575539588928
0.8445259928703308
0.8180468082427979
0.824180543422699
0.8404217958450317
0.8371872901916504
0.8359659314155579
0.8483983874320984
0.8305323123931885
0.8265560865402222
0.8453602194786072
0.8329885601997375
0.8465470671653748
0.8288957476615906
0.8347571492195129
0.8358492255210876
0.8106811046600342
0.8344561457633972
0.832017183303833
0.837446928024292
0.8314500451087952
0.8225374817848206
0.8329299688339233
0.8233886957168579
0.8290879726409912
0.8373908400535583
0.8200978636741638
0.831794023513794
0.8310366868972778
0.837943971157074
0.8198579549789429
0.8419635891914368
0.8148895502090454
0.832586407661438
0.8240718245506287
0.8232411742210388
0.8191934823989868
0.8331040740013123
0.8302485942840576
0.8163456320762634
0.8434627652168274
0.8315167427062988
0.8355735540390015
0.8343604803085327
0.8418781161308289
0.8294411301612854
0.8361968994140625
0.840514600276947
0.8401231169700623
0.8550330996513367
0.8075124621391296
0.835797131061554
0.8439165353775024
0.8211663961410522
0.8343884348869324
0.824985682964325
0.840116560459137
0.8298320770263672
0.8307234048843384
0.8599868416786194
0.814378023147583
0.8397723436355591
0.8353893756866455
0.8423858284950256
0.8238685131072998
0.8317238688468933
0.8352786302566528
0.8172338008880615
0.8164602518081665
0.8260717391967773
0.8418639898300171
0.8225475549697876
0.8447497487068176
0.8097541332244873
0.8276843428611755
0.8249048590660095
0.8138250708580017
0.8216448426246643
0.8506380915641785
0.8361218571662903
0.847708523273468
0.8222761154174805
0.8309860825538635
0.8242100477218628
0.8184983730316162
0.8444021344184875
0.8329352736473083
0.8149591088294983
0.8276517987251282
0.8406906723976135
0.8353438973426819
0.8139183521270752
0.8351947665214539
0.8186613917350769
0.823153018951416
0.8367702960968018
0.8323383927345276
0.8292713761329651
0.8354641795158386
0.809467613697052
0.8080780506134033
0.8358748555183411
0.8248800039291382
0.8270791172981262
0.8370074033737183
0.8339642286300659
0.8172705769538879
0.8537163138389587
0.8319355249404907
0.8434563875198364
0.8299635052680969
0.8504447937011719
0.8170709013938904
0.8366133570671082
0.8160127997398376
0.8319581747055054
0.8335305452346802
0.8333636522293091
0.8280876874923706
0.8414058685302734
0.8446324467658997
0.8579442501068115
0.820134162902832
0.8387755751609802
0.856203019618988
0.8462230563163757
0.854692280292511
0.8241968750953674
0.8214281797409058
0.8454478979110718
0.8571310639381409
0.8285560607910156
0.839290976524353
0.8188120722770691
0.8358851075172424
0.8211440443992615
0.8588287830352783
0.8416942954063416
0.8084927201271057
0.8228153586387634
0.8183537721633911
0.8248381614685059
0.8360596895217896
0.8332732915878296
0.8091780543327332
0.8357906937599182
0.8275948762893677
0.8289539813995361
0.8314817547798157
0.8253853917121887
0.8217270374298096
0.8136135935783386
0.8219103813171387
0.8507174849510193
0.8411588072776794
0.8231762051582336
0.8304590582847595
0.8301287293434143
0.82524573802948
0.8304395079612732
0.845283567905426
0.823762834072113
0.8249338269233704
0.8440755009651184
0.8378511667251587
0.8442927002906799
0.8344570398330688
0.8429519534111023
0.8198516368865967
0.8272923231124878
0.8278234004974365
0.8232119083404541
0.8410569429397583
0.8340200781822205
0.8492152690887451
0.8213207125663757
0.8300549387931824
0.8559322357177734
0.8437749147415161
0.8133671879768372
0.820463240146637
0.848758339881897
0.8382103443145752
0.8103629350662231
0.8224642872810364
0.8467641472816467
0.8317379355430603
0.8360995650291443
0.8485651016235352
0.8210607171058655
0.8276528716087341
0.8303449153900146
0.8253787159919739
0.8437918424606323
0.8294450044631958
0.8203762769699097
0.8353514075279236
0.8166971206665039
0.8084139823913574
0.8527425527572632
0.8332213759422302
0.8286617398262024
0.8290102481842041
0.8200795650482178
0.8476998805999756
0.8593372702598572
0.8103983402252197
0.8347079753875732
0.8149906992912292
0.8426958918571472
0.8391873836517334
0.8377296924591064
0.8382457494735718
0.8341556787490845
0.8361297845840454
0.8429441452026367
0.8407102823257446
0.8368813395500183
0.8083673119544983
0.8284627199172974
0.832974374294281
0.8301657438278198
0.8348315954208374
0.8427256345748901
0.8291710019111633
0.8279861807823181
0.8076550364494324
0.8329934477806091
0.8263853192329407
0.8206087946891785
0.8429893851280212
0.8167080879211426
0.8180505037307739
0.8360142111778259
0.8144818544387817
0.829915463924408
0.8178672194480896
0.8244244456291199
0.8250537514686584
0.8420783877372742
0.830873966217041
0.835859477519989
0.840100109577179
0.8237690329551697
0.8217596411705017
0.829268217086792
0.8433670997619629
0.8370606303215027
0.8229696154594421
0.8312868475914001
0.8510136008262634
0.8362544775009155
0.8145220875740051
0.8507471084594727
0.8384966254234314
0.8363356590270996
0.8232263326644897
0.8279991149902344
0.8298941254615784
0.825554370880127
0.8083022236824036
0.8362069725990295
0.8328140377998352
0.8361202478408813
0.8156893253326416
0.8220386505126953
0.8181487917900085
0.8516232967376709
0.8407257199287415
0.8196753263473511
0.8374293446540833
0.8135924339294434
0.8162505626678467
0.8250414133071899
0.8224057555198669
0.8257550597190857
0.8227680325508118
0.838340163230896
0.8342341184616089
0.8316773772239685
0.8385454416275024
0.8482245206832886
0.8260632157325745
0.8303322196006775
0.8166652321815491
0.8154820799827576
0.8207977414131165
0.8321481347084045
0.8423826694488525
0.8350101709365845
0.8396492004394531
0.8452397584915161
0.8394026160240173
0.8179156184196472
0.8352957963943481
0.8229146599769592
0.8363073468208313
0.8477879166603088
0.8248092532157898
0.8233057260513306
0.8287358283996582
0.820325493812561
0.8331051468849182
0.8295662999153137
0.8192949295043945
0.8290272355079651
0.8380162715911865
0.8139957189559937
0.8538055419921875
0.8385989665985107
0.8196332454681396
0.8390880227088928
0.8225954174995422
0.819276750087738
0.833111584186554
0.8268035650253296
0.8318601250648499
0.8373350501060486
0.8220607042312622
0.8303346037864685
0.8489897847175598
0.822725236415863
0.8200719952583313
0.830040454864502
0.8215653300285339
0.8471714854240417
0.8366891741752625
0.8214281797409058
0.8363284468650818
0.8373813033103943
0.8342070579528809
0.832586407661438
0.8280565142631531
0.8557520508766174
0.8306459188461304
0.8082565069198608
0.8235458135604858
0.8231090307235718
0.8205915093421936
0.8273632526397705
0.8368368148803711
0.8391614556312561
0.8340723514556885
0.8361968994140625
0.8370063900947571
0.8388259410858154
0.8298560380935669
0.8109130263328552
0.8364652991294861
0.8381161689758301
0.8251267671585083
0.8265104293823242
0.8214206099510193
0.8273722529411316
0.8319283723831177
0.8340511918067932
0.8412449359893799
0.8133618235588074
0.8176150321960449
0.8463330268859863
0.8209694027900696
0.7929695248603821
0.8273670077323914
0.823553740978241
0.8485497236251831
0.8374047875404358
0.8490440845489502
0.8437859416007996
0.8384550213813782
0.836581289768219
0.8253997564315796
0.8261101245880127
0.837708055973053
0.8279500603675842
0.840387761592865
0.8290033340454102
0.8316949009895325
0.8483628630638123
0.8411664962768555
0.8559437990188599
0.8364393711090088
0.8319536447525024
0.8363779187202454
0.8390710949897766
0.8397886753082275
0.8429429531097412
0.8268874287605286
0.8274680376052856
0.8222154974937439
0.8326959609985352
0.836502194404602
0.8363825678825378
0.8215063214302063
0.8166254162788391
0.8259963989257812
0.8421384692192078
0.8399869799613953
0.8394742012023926
0.8604437112808228
0.8382701277732849
0.8451361060142517
0.8282867670059204
0.8336887359619141
0.8113234043121338
0.8220046162605286
0.8198665976524353
0.835380494594574
0.8303629755973816
0.8308281898498535
0.829816460609436
0.8267339468002319
0.8258700966835022
0.8416257500648499
0.8230233788490295
0.8177173137664795
0.8487818837165833
0.8446199893951416
0.8291934132575989
0.8484465479850769
0.8449285626411438
0.8183406591415405
0.8389760851860046
0.8336710929870605
0.8251432776451111
0.8288922905921936
0.8285012245178223
0.7993431091308594
0.8552539944648743
0.8356964588165283
0.8416518568992615
0.8315204381942749
0.8216431140899658
0.8346253633499146
0.8152921795845032
0.8375916481018066
0.8330370187759399
0.8131905198097229
0.8338887095451355
0.8452619910240173
0.8292273283004761
0.8137519955635071
0.8321154117584229
0.8419032692909241
0.8224366307258606
0.8407337069511414
0.8475531339645386
0.8303084969520569
0.8219470977783203
0.83294677734375
0.8195498585700989
0.8544740676879883
0.820662796497345
0.8182594180107117
0.8283628821372986
0.8297521471977234
0.8232488632202148
0.8157294392585754
0.8483616709709167
0.826036274433136
0.8436385989189148
0.8407548069953918
0.8297035694122314
0.818104088306427
0.8378088474273682
0.8269349336624146
0.822449803352356
0.828143298625946
0.837881863117218
0.8228699564933777
0.8342724442481995
0.8235385417938232
0.8484539985656738
0.8267529606819153
0.8502899408340454
0.8189520239830017
0.8405500650405884
0.830047607421875
0.8461601734161377
0.8347586989402771
0.839902937412262
0.8363131284713745
0.8195072412490845
0.8467680811882019
0.8366255760192871
0.8164234757423401
0.8285318613052368
0.8537983894348145
0.8467944264411926
0.8563734292984009
0.8329665064811707
0.8408163189888
0.8392112851142883
0.8360442519187927
0.8229734897613525
0.8485504984855652
0.8270887732505798
0.8418964147567749
0.8438140749931335
0.8295465707778931
0.8310878276824951
0.8074442148208618
0.83962082862854
0.8440200090408325
0.8222359418869019
0.8463048338890076
0.8243952393531799
0.8459173440933228
0.8575245141983032
0.8465045690536499
0.8602749705314636
0.8212427496910095
0.8220839500427246
0.8276856541633606
0.804841160774231
0.8489962220191956
0.8308390378952026
0.8229603171348572
0.8066933751106262
0.8238682746887207
0.8339512944221497
0.8293405175209045
0.8251900672912598
0.841300368309021
0.8276609182357788
0.8405406475067139
0.832163393497467
0.8347276449203491
0.8203572630882263
0.8476014137268066
0.8055810332298279
0.8280622959136963
0.8575630187988281
0.8314731121063232
0.8342727422714233
0.8206163644790649
0.8336193561553955
0.8222504258155823
0.8278157711029053
0.8459575176239014
0.8550348281860352
0.850877583026886
0.8023834228515625
0.8324370384216309
0.8204038143157959
0.8557353615760803
0.8352441787719727
0.8478184342384338
0.8347226977348328
0.8466137647628784
0.8386797308921814
0.847277820110321
