0.8353242874145508
0.8362809419631958
0.8165186643600464
0.8405275344848633
0.819267213344574
0.8501349687576294
0.8195998072624207
0.8174766898155212
0.830292284488678
0.838864803314209
0.8276851177215576
0.8381611108779907
0.8161409497261047
0.8395383358001709
0.8174846172332764
0.8205075263977051
0.8531012535095215
0.8323882222175598
0.8423892855644226
0.8204352259635925
0.821334719657898
0.8225240707397461
0.8109195232391357
0.8477487564086914
0.8542317152023315
0.8204963803291321
0.8226141929626465
0.8187955617904663
0.8082503080368042
0.8391831517219543
0.8125199675559998
0.8111141324043274
0.8381548523902893
0.8459882736206055
0.8233906626701355
0.8134992122650146
0.8163184523582458
0.8216772079467773
0.8293076157569885
0.8225792646408081
0.8165706992149353
0.8181262612342834
0.8308676481246948
0.8144371509552002
0.843086302280426
0.8478127121925354
0.8399968147277832
0.8342304229736328
0.8317995667457581
0.8135712742805481
0.8062326312065125
0.8211706280708313
0.8254557847976685
0.8121211528778076
0.8032136559486389
0.8235881924629211
0.825413703918457
0.8312930464744568
0.8213987946510315
0.8505192399024963
0.8243938684463501
0.8201303482055664
0.8212236762046814
0.7998309135437012
0.8247570395469666
0.8331087827682495
0.8394901752471924
0.8290155529975891
0.8113939762115479
0.8191623091697693
0.829227089881897
0.8082777261734009
0.8282002806663513
0.8319438099861145
0.8071776628494263
0.8259372115135193
0.8303263187408447
0.8197165727615356
0.8149900436401367
0.8462674021720886
0.8232635259628296
0.8081791400909424
0.8394078016281128
0.8166786432266235
0.8269091844558716
0.8433125615119934
0.8140531182289124
0.8231059908866882
0.8414596319198608
0.8348568677902222
0.8453523516654968
0.8039048314094543
0.8219529390335083
0.8440113067626953
0.832492470741272
0.8270244002342224
0.8278053998947144
0.8362736701965332
0.8276019096374512
0.827353298664093
0.8119965195655823
0.8306606411933899
0.8277267217636108
0.8164212703704834
0.828996479511261
0.8424967527389526
0.8219631314277649
0.8267154097557068
0.8235193490982056
0.834084689617157
0.8087645769119263
0.8081961274147034
0.8142759799957275
0.83700031042099
0.817011296749115
0.8255445957183838
0.8448657989501953
0.8065316081047058
0.8094812631607056
0.8107197880744934
0.8159432411193848
0.821019172668457
0.8152159452438354
0.8305187225341797
0.8363092541694641
0.8283776044845581
0.8312674164772034
0.8197320699691772
0.8132790923118591
0.8199968338012695
0.8236904740333557
0.8536992073059082
0.833109974861145
0.8178495168685913
0.8304953575134277
0.8243513107299805
0.8180820941925049
0.8273405432701111
0.8295319080352783
0.8333513736724854
0.829153299331665
0.8219406604766846
0.8439150452613831
0.8250534534454346
0.8199009895324707
0.8303938508033752
0.810080349445343
0.8668738603591919
0.8304014801979065
0.831853449344635
0.8145243525505066
0.8326406478881836
0.8234831094741821
0.8136014938354492
0.828125536441803
0.8446216583251953
0.8260504007339478
0.8111475110054016
0.8449481725692749
0.8278023600578308
0.8157040476799011
0.8329089283943176
0.823459267616272
0.8180098533630371
0.812318742275238
0.8336825370788574
0.8473362922668457
0.8234794735908508
0.8296829462051392
0.8045855760574341
0.8313853740692139
0.8366539478302002
0.8143294453620911
0.8157966136932373
0.8200480341911316
0.8171818256378174
0.8347219824790955
0.8350846767425537
0.8268219828605652
0.8341942429542542
0.845274031162262
0.818984866142273
0.8242951035499573
0.8107932806015015
0.8199937343597412
0.817987322807312
0.8358379006385803
0.808370053768158
0.8318032622337341
0.8405365347862244
0.8235721588134766
0.8236561417579651
0.8183903694152832
0.8224667310714722
0.8270549178123474
0.8391880393028259
0.8328342437744141
0.8301198482513428
0.806902289390564
0.8461650609970093
0.8545397520065308
0.8226750493049622
0.8195944428443909
0.8295649886131287
0.8106637597084045
0.8269244432449341
0.8372344374656677
0.8305573463439941
0.8042356371879578
0.8344081044197083
0.8209203481674194
0.8325972557067871
0.8293240070343018
0.8237290382385254
0.8074026107788086
0.8352693319320679
0.8504043221473694
0.8143803477287292
0.8341836929321289
0.8222855925559998
0.8376361727714539
0.8390979170799255
0.8405750393867493
0.8139492273330688
0.8154366612434387
0.8270183801651001
0.819135308265686
0.8175572752952576
0.823114812374115
0.8408604264259338
0.8328472971916199
0.823580801486969
0.8226227760314941
0.8638877272605896
0.8124311566352844
0.8273211717605591
0.8391097187995911
0.8359625935554504
0.8245853185653687
0.8182058334350586
0.8221358060836792
0.8173892498016357
0.8051905035972595
0.8393942713737488
0.8145803809165955
0.8166785836219788
0.8120777606964111
0.8088561296463013
0.7996587753295898
0.8402214646339417
0.8328843712806702
0.8300306797027588
0.8367412090301514
0.8250275254249573
0.8371806740760803
0.8216939568519592
0.8300442099571228
0.84437495470047
0.8166857957839966
0.8352251648902893
0.8246573209762573
0.8242812752723694
0.8367358446121216
0.8410711884498596
0.8165821433067322
0.8264028429985046
0.830901563167572
0.8372032642364502
0.8235506415367126
0.8026421666145325
0.8303743600845337
0.8074789047241211
0.8310477137565613
0.828620970249176
0.834117591381073
0.8172526359558105
0.8125787377357483
0.8347228169441223
0.8335492610931396
0.8381950855255127
0.8349277377128601
0.8060364723205566
0.8181038498878479
0.8188206553459167
0.8289331197738647
0.8212206959724426
0.8352869153022766
0.8229723572731018
0.8312923908233643
0.809811532497406
0.810856282711029
0.8221940398216248
0.8459241986274719
0.831969678401947
0.8317801356315613
0.8258147239685059
0.8425857424736023
0.8156946301460266
0.8217353224754333
0.829452633857727
0.8422400951385498
0.8340848088264465
0.8145294189453125
0.8169874548912048
0.817712128162384
0.8238450884819031
0.8336508274078369
0.8074334263801575
0.8208038210868835
0.8494185209274292
0.8318704962730408
0.8221347332000732
0.8306089043617249
0.8176037669181824
0.8144728541374207
0.8171055316925049
0.8239482641220093
0.8317967057228088
0.8281456232070923
0.8480930328369141
0.8239141702651978
0.8279436826705933
0.8101330399513245
0.8480895757675171
0.8181203007698059
0.844057023525238
0.8336973786354065
0.8071750998497009
0.8338354229927063
0.8426450490951538
0.8336745500564575
0.8116699457168579
0.8140444159507751
0.8233088254928589
0.8342661261558533
0.8209085464477539
0.812122106552124
0.8300465941429138
0.8354125022888184
0.8449774980545044
0.8336467742919922
0.8234307169914246
0.8245327472686768
0.8231028914451599
0.8127407431602478
0.8375247716903687
0.8428841829299927
0.8502940535545349
0.8163132667541504
0.8287180662155151
0.8323859572410583
0.8178654313087463
0.8334260582923889
0.833051323890686
0.8332690000534058
0.8529902696609497
0.8469294905662537
0.8435163497924805
0.8210529088973999
0.8049129843711853
0.8319327235221863
0.8347205519676208
0.8189647793769836
0.8428818583488464
0.8226879835128784
0.8327590823173523
0.8266083598136902
0.8309470415115356
0.8499249219894409
0.8262751698493958
0.8135068416595459
0.823639988899231
0.8272647857666016
0.8135237097740173
0.8219978213310242
0.8018282055854797
0.8397371172904968
0.8461200594902039
0.8175256848335266
0.8221128582954407
0.8365821242332458
0.8351379036903381
0.8084663152694702
0.8091281056404114
0.8182722926139832
0.8181856274604797
0.7874779105186462
0.8375138640403748
0.8056171536445618
0.8325725197792053
0.8233199715614319
0.8377558588981628
0.8246058225631714
0.8104724884033203
0.8103107213973999
0.793493390083313
0.8521323800086975
0.8213210701942444
0.8147635459899902
0.8388875126838684
0.8189592957496643
0.8383872509002686
0.8512053489685059
0.8172823786735535
0.8097326755523682
0.8279713988304138
0.8099798560142517
0.8034256100654602
0.8325760960578918
0.8154927492141724
0.8065764307975769
0.8296830654144287
0.8406485319137573
0.8134697079658508
0.8175956010818481
0.821259081363678
0.8296222686767578
0.8305140733718872
0.8096311092376709
0.8434311151504517
0.8305808901786804
0.8165314197540283
0.8247345685958862
0.8227312564849854
0.810535728931427
0.8040653467178345
0.8132032752037048
0.8365337252616882
0.8345786333084106
0.8408706784248352
0.8261245489120483
0.8187502026557922
0.830893874168396
0.8188484907150269
0.8509104251861572
0.8123310208320618
0.8151600956916809
0.8152613639831543
0.8184785842895508
0.8285965919494629
0.8177322745323181
0.8226653933525085
0.8102301359176636
0.8069343566894531
0.8188206553459167
0.8260366916656494
0.8248131275177002
0.8018067479133606
0.8256863355636597
0.8319536447525024
0.8245109915733337
0.8494062423706055
0.7971757054328918
0.8255326747894287
0.8142167925834656
0.8416959047317505
0.8393294811248779
0.8393916487693787
0.8254256248474121
0.8394325971603394
0.821147620677948
0.8306835889816284
0.834007978439331
0.8259965181350708
0.8162924647331238
0.8362204432487488
0.8282289505004883
0.8118438720703125
0.8306940197944641
0.8440227508544922
0.8220619559288025
0.8119779825210571
0.8124039769172668
0.8060226440429688
0.8293280601501465
0.8073711395263672
0.819343626499176
0.8265784978866577
0.8392741680145264
0.8277831673622131
0.8423117995262146
0.8260176181793213
0.8267326951026917
0.820669949054718
0.8045963644981384
0.8365841507911682
0.8274630308151245
0.8146133422851562
0.8316041231155396
0.8334758877754211
0.8297126889228821
0.8210071921348572
0.844582200050354
0.7976529002189636
0.8212788701057434
0.8093664646148682
0.8391456007957458
0.8325843811035156
0.8232935667037964
0.8318890929222107
0.8348357081413269
0.827049970626831
0.8197590708732605
0.8114651441574097
0.814643144607544
0.816257655620575
0.8335615396499634
0.8211366534233093
0.8186091184616089
0.8265592455863953
0.8396644592285156
0.8312877416610718
0.8378937840461731
0.8275895714759827
0.831080973148346
0.8219124674797058
0.8170267343521118
0.8329648971557617
0.8384552001953125
0.807149350643158
0.8277415633201599
0.8252577185630798
0.8353380560874939
0.8266069293022156
0.8421111702919006
0.8373870253562927
0.818048357963562
0.8369267582893372
0.8204867839813232
0.8416491746902466
0.8217912316322327
0.8296419978141785
0.8119894862174988
0.8210250735282898
0.8382672667503357
0.8308926820755005
0.8325300216674805
0.8198044300079346
0.8116075396537781
0.8153862953186035
0.8125001192092896
0.8168243765830994
0.8188098669052124
0.8262088298797607
0.8352688550949097
0.8337704539299011
0.8192539811134338
0.814396858215332
0.8386762142181396
0.8101590275764465
0.8318243026733398
0.8208605051040649
0.8090569376945496
0.8107748031616211
0.8247663974761963
0.818245530128479
0.8178698420524597
0.8237449526786804
0.8274720311164856
0.8340337872505188
0.8411449193954468
0.8286501169204712
0.8175531029701233
0.8226414322853088
0.832089364528656
0.827721893787384
0.842320442199707
0.8174760341644287
0.8332238793373108
0.8303909301757812
0.809455931186676
0.8244662284851074
0.8240343928337097
0.8332455158233643
0.8441416025161743
0.828989565372467
0.8450251817703247
0.812520444393158
0.8314958214759827
0.8300421833992004
0.8338558077812195
0.8307926654815674
0.831697404384613
0.8274679780006409
0.8095739483833313
0.8064081072807312
0.8254942893981934
0.8312602043151855
0.8283382654190063
0.830034613609314
0.8035768866539001
0.8304169178009033
0.8362330198287964
0.8121287822723389
0.8315955400466919
0.8317117691040039
0.8214575052261353
0.8374230861663818
0.8081834316253662
0.8262102007865906
0.8175567984580994
0.8237203359603882
0.8365194201469421
0.825640857219696
0.8212580680847168
0.8199964165687561
0.820025622844696
0.8510122299194336
0.8201284408569336
0.8244252800941467
0.8099443912506104
0.8056686520576477
0.8207781910896301
0.8137492537498474
0.8017165660858154
0.8322446942329407
0.811970055103302
0.8005679249763489
0.8246023058891296
0.8217380046844482
0.8228419423103333
0.8396703004837036
0.8241845369338989
0.8147507309913635
0.8390233516693115
0.8243338465690613
0.8321214318275452
0.8246341347694397
0.8357857465744019
0.8097885847091675
0.8310373425483704
0.8243046402931213
0.8226959705352783
0.8232539892196655
0.8264359831809998
0.8215234875679016
0.8474720120429993
0.8506007790565491
0.8442161083221436
0.8117602467536926
0.8388155698776245
0.8585996031761169
0.8467713594436646
0.845328152179718
0.8297064304351807
0.812025249004364
0.8420020341873169
0.8540985584259033
0.83001708984375
0.8411926627159119
0.8169261813163757
0.8134409189224243
0.8229233622550964
0.8516644835472107
0.8326090574264526
0.8098043203353882
0.8116844892501831
0.8178273439407349
0.8232978582382202
0.8296964168548584
0.8300529718399048
0.8122628331184387
0.8221551775932312
0.8285114169120789
0.8165456056594849
0.8315008282661438
0.8182404637336731
0.827789306640625
0.8147879242897034
0.8227973580360413
0.8483332395553589
0.8286385536193848
0.807768702507019
0.8293010592460632
0.8203920125961304
0.8254669904708862
0.8297892808914185
0.8196253180503845
0.8191494345664978
0.8239914178848267
0.8215147256851196
0.8354450464248657
0.8411819338798523
0.8284185528755188
0.8462439179420471
0.8205975294113159
0.8276118040084839
0.8324235081672668
0.8089736104011536
0.8340186476707458
0.8322038054466248
0.8429264426231384
0.8134989738464355
0.8005838990211487
0.8474125266075134
0.8316598534584045
0.8172683119773865
0.8065522909164429
0.8297581076622009
0.8197242617607117
0.8164530396461487
0.8286662697792053
0.8538843989372253
0.8239107728004456
0.8277358412742615
0.8464491367340088
0.8060839176177979
0.8159316182136536
0.8393808007240295
0.8175771832466125
0.837424099445343
0.8317878246307373
0.8225172758102417
0.8277233839035034
0.8232394456863403
0.8017269372940063
0.8345188498497009
0.8234918713569641
0.8083497881889343
0.8237091302871704
0.8266100883483887
0.8367929458618164
0.8280169367790222
0.8179587721824646
0.8060911297798157
0.813339352607727
0.834307849407196
0.825626015663147
0.8333914875984192
0.8291375637054443
0.8377324342727661
0.8293599486351013
0.8363468050956726
0.8395383358001709
0.8304299116134644
0.8058538436889648
0.8323563933372498
0.8313260078430176
0.8297844529151917
0.8289563059806824
0.8318027853965759
0.8320059776306152
0.8196635246276855
0.8008897304534912
0.8230213522911072
0.822559118270874
0.8194243311882019
0.8372515439987183
0.8162944316864014
0.8100012540817261
0.8262611031532288
0.8116149306297302
0.8085294961929321
0.8156766295433044
0.8307371139526367
0.8189089894294739
0.821637749671936
0.8394455909729004
0.8253602385520935
0.8294801712036133
0.8191397190093994
0.7959784269332886
0.8229411244392395
0.8333309292793274
0.8311470746994019
0.8285679817199707
0.8325550556182861
0.832252025604248
0.8227868676185608
0.80961012840271
0.8504648208618164
0.8287302851676941
0.8253584504127502
0.8074613809585571
0.828905463218689
0.8282362818717957
0.8217601180076599
0.8054033517837524
0.8307490348815918
0.8194758296012878
0.8257302045822144
0.8094183206558228
0.8166278600692749
0.8172588348388672
0.8441422581672668
0.8283517360687256
0.8241978287696838
0.8280869722366333
0.8195305466651917
0.8047460913658142
0.8281807899475098
0.8114900588989258
0.8209277987480164
0.8247164487838745
0.827872097492218
0.830072820186615
0.8342740535736084
0.8261018395423889
0.8493346571922302
0.8278416395187378
0.8175836205482483
0.8007495999336243
0.80206698179245
0.8070914149284363
0.8310065865516663
0.8377821445465088
0.8214014172554016
0.8329257965087891
0.8490649461746216
0.8279972672462463
0.8199637532234192
0.8203551769256592
0.8254278302192688
0.8280004858970642
0.8289186954498291
0.8258556127548218
0.8220022916793823
0.8361748456954956
0.8220969438552856
0.8253518342971802
0.8230892419815063
0.8121941685676575
0.8277786374092102
0.816106379032135
0.8124534487724304
0.8618291616439819
0.8296570777893066
0.8179663419723511
0.8247262835502625
0.8266353011131287
0.8107923865318298
0.8142160773277283
0.8245446681976318
0.8163009881973267
0.8253481984138489
0.8289557099342346
0.8226457238197327
0.8355606198310852
0.8051877617835999
0.8119381666183472
0.825816810131073
0.8271104097366333
0.8291770219802856
0.8345532417297363
0.8130108714103699
0.8219146132469177
0.8334614634513855
0.839854896068573
0.8260313868522644
0.8218843340873718
0.8336229920387268
0.8202069997787476
0.8191643357276917
0.8095781803131104
0.81337571144104
0.8252556920051575
0.8178931474685669
0.8205984830856323
0.8201579451560974
0.8272420167922974
0.825605571269989
0.8121154308319092
0.8369158506393433
0.8322248458862305
0.8062011003494263
0.8208956122398376
0.8353714346885681
0.8245639801025391
0.8008788228034973
0.827232837677002
0.8356272578239441
0.8137082457542419
0.8312428593635559
0.8337311148643494
0.825914740562439
0.8048849701881409
0.8517844676971436
0.819896399974823
0.8052290678024292
0.8277873992919922
0.8160476088523865
0.8461670279502869
0.8175548911094666
0.8411170840263367
0.8351290822029114
0.8393158316612244
0.8317506909370422
0.8170049786567688
0.814185380935669
0.8395491242408752
0.8299589157104492
0.8364670872688293
0.8319640755653381
0.8165797591209412
0.8212059736251831
0.8358733654022217
0.8378883600234985
0.8220961689949036
0.8270664811134338
0.8211527466773987
0.8414859771728516
0.8291385173797607
0.8305972814559937
0.8200247883796692
0.8214389085769653
0.8280677795410156
0.8246676921844482
0.8271017670631409
0.8346841931343079
0.8240206241607666
0.8234516978263855
0.8132036328315735
0.8437384963035583
0.8158338665962219
0.8276959657669067
0.8312318325042725
0.8303372859954834
0.8295057415962219
0.8395532369613647
0.817733883857727
0.801706850528717
0.8213074803352356
0.8076997995376587
0.8148550391197205
0.8172192573547363
0.8298099637031555
0.8138944506645203
0.8183331489562988
0.8288823366165161
0.8465577960014343
0.8169670104980469
0.7935345768928528
0.8098617196083069
0.8441798090934753
0.8263573050498962
0.8477129936218262
0.8442381620407104
0.8138411641120911
0.8304494023323059
0.8287622928619385
0.8208467960357666
0.8183140754699707
0.8306581974029541
0.7932344675064087
0.8505127429962158
0.8334922790527344
0.8105152249336243
0.8208132386207581
0.812949538230896
0.844312310218811
0.8134691715240479
0.8303548693656921
0.8172957301139832
0.8186848163604736
0.8338769674301147
0.831455409526825
0.810474693775177
0.8086941838264465
0.8260493874549866
0.8351531624794006
0.8218706250190735
0.8354648351669312
0.8578493595123291
0.8205831050872803
0.8207300901412964
0.8388561010360718
0.8139308094978333
0.8277465105056763
0.8121247291564941
0.82308030128479
0.8242180347442627
0.8190866112709045
0.8250165581703186
0.8241492509841919
0.8434240818023682
0.8214131593704224
0.833202064037323
0.8324164748191833
0.8297243714332581
0.8060382008552551
0.8266045451164246
0.8204978108406067
0.8173256516456604
0.8209960460662842
0.8329635262489319
0.839556097984314
0.8230551481246948
0.8109342455863953
0.8368895649909973
0.8141184449195862
0.8351766467094421
0.808650016784668
0.8310640454292297
0.8317022323608398
0.8340665102005005
0.8311012983322144
0.8299294114112854
0.8231566548347473
0.8189710974693298
0.8475407958030701
0.8336541056632996
0.81673663854599
0.8302892446517944
0.8306666612625122
0.8361018300056458
0.8530150651931763
0.8330615162849426
0.8353002667427063
0.8354049324989319
0.8094475865364075
0.8273358941078186
0.8321115970611572
0.823405921459198
0.8342063426971436
0.8494601845741272
0.8362388014793396
0.8306702375411987
0.8124120235443115
0.8327826857566833
0.8584535121917725
0.8161486387252808
0.835593044757843
0.8218545913696289
0.8462861776351929
0.8569682836532593
0.8369008898735046
0.8812220692634583
0.8140540719032288
0.8146266937255859
0.8316636085510254
0.8098057508468628
0.8471153378486633
0.847423791885376
0.8092238903045654
0.8002852201461792
0.8249311447143555
0.8388420939445496
0.8170323967933655
0.8136128783226013
0.8347631692886353
0.8062036037445068
0.8150624632835388
0.8259977698326111
0.8314571380615234
0.8215104937553406
0.8546705842018127
0.8042206168174744
0.8289214968681335
0.8470567464828491
0.821352481842041
0.8260177969932556
0.8101875185966492
0.8244523406028748
0.8208913803100586
0.8225759267807007
0.853758692741394
0.8445941805839539
0.8536155819892883
0.8060020208358765
0.8354697823524475
0.8164436221122742
0.8621155023574829
0.8327863216400146
0.8453478217124939
0.8282656073570251
0.8336945176124573
0.8320740461349487
0.8214345574378967
