0.7903586030006409
0.8198225498199463
0.801884651184082
0.8363065719604492
0.7947679758071899
0.8218367099761963
0.7982430458068848
0.8537114262580872
0.8310059905052185
0.8211705088615417
0.8294844031333923
0.8229847550392151
0.8190229535102844
0.7938159704208374
0.82258540391922
0.8079438805580139
0.8023902773857117
0.799735426902771
0.8176383376121521
0.8075704574584961
0.8334440588951111
0.8365764021873474
0.8216367959976196
0.7876336574554443
0.8434494137763977
0.8033068180084229
0.7885102033615112
0.7895743250846863
0.8250449299812317
0.8123328685760498
0.8112761974334717
0.7798479199409485
0.8184754252433777
0.8250499963760376
0.808468222618103
0.821468710899353
0.7892547249794006
0.8134549856185913
0.8261019587516785
0.8053648471832275
0.7962870597839355
0.8200269937515259
0.8108795881271362
0.806107759475708
0.793641984462738
0.8012796640396118
0.802763044834137
0.7829096913337708
0.7959951162338257
0.7955927848815918
0.7942813038825989
0.8155999779701233
0.8327550292015076
0.8197925686836243
0.8148636817932129
0.8119341731071472
0.8225409388542175
0.8123794794082642
0.8140119314193726
0.8125638961791992
0.8065460324287415
0.8238846659660339
0.8142906427383423
0.8025503158569336
0.8096424341201782
0.8181493878364563
0.8393360376358032
0.8217111229896545
0.8470497131347656
0.8114892840385437
0.8143911361694336
0.7824134826660156
0.7968937754631042
0.8085033893585205
0.7990347146987915
0.8139524459838867
0.8080212473869324
0.7966281175613403
0.7998452186584473
0.8122819066047668
0.8341800570487976
0.8032470345497131
0.7984175086021423
0.8015925884246826
0.768285870552063
0.8270414471626282
0.7956819534301758
0.8016023635864258
0.8054595589637756
0.790331244468689
0.8236191868782043
0.8140670657157898
0.8163331151008606
0.8339698910713196
0.8154813647270203
0.8110769987106323
0.8342622518539429
0.8259093761444092
0.8285958170890808
0.8228548765182495
0.8145474791526794
0.7977008819580078
0.8060514330863953
0.8249496221542358
0.8260718584060669
0.7949602603912354
0.8129943609237671
0.8346509337425232
0.8079380989074707
0.7806143164634705
0.8028257489204407
0.811773419380188
0.7969052791595459
0.7970293164253235
0.8092522025108337
0.7807290554046631
0.7953816652297974
0.7857723236083984
0.8032190799713135
0.8049009442329407
0.8194119334220886
0.781913697719574
0.8093486428260803
0.8071603178977966
0.8284122347831726
0.8111478686332703
0.8027427196502686
0.8031514286994934
0.8127607107162476
0.8390585780143738
0.8224804401397705
0.7968895435333252
0.8273910284042358
0.8273616433143616
0.8158767819404602
0.7964146137237549
0.8313568830490112
0.7980194091796875
0.7934014797210693
0.801950216293335
0.818825364112854
0.8069174885749817
0.8085084557533264
0.8075882196426392
0.8070324063301086
0.7819058895111084
0.7869184017181396
0.8185538649559021
0.8230566382408142
0.8432270288467407
0.7910731434822083
0.8112977147102356
0.8148353695869446
0.8206958174705505
0.7950953841209412
0.8169357776641846
0.8148571252822876
0.7964031100273132
0.7898892760276794
0.7991428375244141
0.8203158378601074
0.8109540343284607
0.7942925691604614
0.8011406064033508
0.8186467289924622
0.8019952774047852
0.7942700982093811
0.8115191459655762
0.8159812092781067
0.8090618848800659
0.8010585308074951
0.808000922203064
0.7681322693824768
0.815639853477478
0.7803421020507812
0.8279667496681213
0.8325185775756836
0.8199498057365417
0.8300488591194153
0.7996953129768372
0.8317683339118958
0.8129708170890808
0.8291813731193542
0.7860922813415527
0.7889418601989746
0.8416561484336853
0.793467104434967
0.791470468044281
0.8239343166351318
0.8194071650505066
0.7878199815750122
0.7943928837776184
0.8037669062614441
0.79695063829422
0.806245744228363
0.8094350099563599
0.8336713314056396
0.8210206627845764
0.8051646947860718
0.822941780090332
0.833463191986084
0.8068541884422302
0.8201075196266174
0.8250769972801208
0.8218367099761963
0.793461263179779
0.821318507194519
0.7944419384002686
0.8102303147315979
0.792108416557312
0.8141137957572937
0.8279083371162415
0.8203986883163452
0.8101598024368286
0.8204355835914612
0.8046990036964417
0.8037884831428528
0.8128482699394226
0.815714418888092
0.8022265434265137
0.8131482601165771
0.8134656548500061
0.8196440935134888
0.8272435665130615
0.8492676019668579
0.8198531866073608
0.829847514629364
0.8269933462142944
0.8042576313018799
0.8066331148147583
0.8247337937355042
0.7885326147079468
0.8031038045883179
0.8197484016418457
0.8113144636154175
0.8205037117004395
0.8031412363052368
0.804326057434082
0.808538019657135
0.8199302554130554
0.8249775767326355
0.8016201257705688
0.8027377724647522
0.8162872195243835
0.8274722695350647
0.8083488345146179
0.8008815050125122
0.8034626245498657
0.7914416193962097
0.8101968169212341
0.7959507703781128
0.8107199668884277
0.8218216300010681
0.78835529088974
0.8270971179008484
0.8091467618942261
0.798485517501831
0.8128023743629456
0.8085921406745911
0.8051182627677917
0.8090530633926392
0.8017802238464355
0.8187425136566162
0.8073893189430237
0.7969626188278198
0.8319903612136841
0.7981076240539551
0.8019333481788635
0.8131115436553955
0.8064537048339844
0.8128701448440552
0.8204231858253479
0.8081346154212952
0.7990119457244873
0.7995213270187378
0.8174827694892883
0.8212080001831055
0.8089355826377869
0.8007297515869141
0.8337791562080383
0.8044705390930176
0.8084976077079773
0.8072879910469055
0.7938080430030823
0.8077834248542786
0.80682373046875
0.8219761252403259
0.8165462613105774
0.8019149899482727
0.8061585426330566
0.8287022709846497
0.8086928725242615
0.8426132798194885
0.8188906311988831
0.8148474097251892
0.8036175966262817
0.7888856530189514
0.8231392502784729
0.8012876510620117
0.8061869740486145
0.8513481616973877
0.8147844076156616
0.8122529983520508
0.8024744391441345
0.8276129961013794
0.7957398891448975
0.8420789837837219
0.8111099600791931
0.8452666401863098
0.7982950806617737
0.7929074168205261
0.8261982798576355
0.8153397440910339
0.8350813388824463
0.8156201839447021
0.8171151280403137
0.8152615427970886
0.8189846277236938
0.8065387010574341
0.8105493187904358
0.8312384486198425
0.8154913187026978
0.8029348850250244
0.8129068613052368
0.8098759651184082
0.7972068786621094
0.8208951354026794
0.8130831718444824
0.8040307760238647
0.8045105934143066
0.8037878274917603
0.8205147385597229
0.8544455170631409
0.8090629577636719
0.8211084604263306
0.814161479473114
0.8161879181861877
0.8030018210411072
0.8048710227012634
0.823598325252533
0.7859951257705688
0.8300853967666626
0.8126550316810608
0.8064467310905457
0.8065968155860901
0.8087469339370728
0.8093432188034058
0.7949591279029846
0.8114803433418274
0.7974165678024292
0.8031455278396606
0.7891377210617065
0.8091520667076111
0.8071819543838501
0.807946503162384
0.8067782521247864
0.801205039024353
0.8110345005989075
0.8097452521324158
0.8196216821670532
0.8293642401695251
0.8050578832626343
0.8146198391914368
0.814376711845398
0.8122265338897705
0.8084168434143066
0.8427733182907104
0.8172098398208618
0.812151312828064
0.8009867072105408
0.8143373131752014
0.8039820194244385
0.8135594725608826
0.7961925268173218
0.8248918652534485
0.8069547414779663
0.8158378005027771
0.8171889781951904
0.8306085467338562
0.8209736943244934
0.7907591462135315
0.8221603035926819
0.793463945388794
0.8252221941947937
0.813953161239624
0.8305838108062744
0.8192073702812195
0.8401743173599243
0.7961891889572144
0.7982518672943115
0.8163809776306152
0.8119599223136902
0.8261065483093262
0.8246995806694031
0.8474426865577698
0.7950804829597473
0.8171252012252808
0.8250399231910706
0.7911154627799988
0.8149271011352539
0.819985032081604
0.8172758221626282
0.7731568813323975
0.7901671528816223
0.820279061794281
0.8123341202735901
0.8172354102134705
0.7956508994102478
0.7978383898735046
0.8544415235519409
0.8217688202857971
0.8082793951034546
0.8147437572479248
0.8196595311164856
0.8052924871444702
0.830309271812439
0.8483097553253174
0.7924939393997192
0.8049898743629456
0.8197876214981079
0.7903696298599243
0.8083553314208984
0.7968275547027588
0.8253812193870544
0.8160598278045654
0.8122506737709045
0.8000020384788513
0.8262876868247986
