-5.596652507781982
-4.929474353790283
-5.459813117980957
-5.028580188751221
-4.416245937347412
-4.7701897621154785
-5.216739654541016
-4.64799165725708
-5.497623920440674
-4.960815906524658
-4.870859146118164
-4.918615341186523
-4.9307861328125
-5.0301127433776855
-4.327263832092285
-4.8257060050964355
-5.157566547393799
-4.772838592529297
-4.856625556945801
-5.747947692871094
-5.301689147949219
-5.303225517272949
-4.527715682983398
-5.0290751457214355
-4.260267734527588
-4.786773204803467
-5.11127233505249
-4.267329216003418
-4.734602928161621
-3.9681360721588135
-4.800867557525635
-4.964069366455078
-4.267056465148926
-5.44932222366333
-5.356659412384033
-4.798350811004639
-5.190048694610596
-4.575063228607178
-5.286267280578613
-4.804661273956299
-4.957396030426025
-5.401216506958008
-5.660855293273926
-4.386136531829834
-5.201991558074951
-5.628226280212402
-4.808649063110352
-5.088894367218018
-4.9768548011779785
-4.718727111816406
-4.480851650238037
-5.019352436065674
-5.238785743713379
-4.7363080978393555
-4.918500900268555
-4.919982433319092
-5.437109470367432
-4.906797885894775
-5.202217102050781
-4.9892072677612305
-4.800412654876709
-5.164569854736328
-4.566553592681885
-4.984671115875244
-4.846709251403809
-4.183750629425049
-3.6147959232330322
-6.098458290100098
-5.344083309173584
-4.610636234283447
-5.812633991241455
-4.850097179412842
-4.910182476043701
-4.974630355834961
-4.595029830932617
-4.8790411949157715
-4.399762153625488
-5.062397003173828
-5.126994609832764
-5.206286907196045
-3.998833656311035
-5.013458728790283
-5.403312683105469
-5.3019914627075195
-4.906309604644775
-4.633320331573486
-4.559929370880127
-4.497594356536865
-5.156466007232666
-4.9863386154174805
-4.80088996887207
-4.207849979400635
-5.131156921386719
-4.619339466094971
-5.48061990737915
-4.9037604331970215
-5.46724271774292
-5.213020324707031
-5.123089790344238
-5.45172119140625
-5.225249290466309
-5.135128498077393
