-4.904068470001221
-4.152007102966309
-4.020857810974121
-3.750248908996582
-4.614276885986328
-4.345942974090576
-5.262411594390869
-4.174010753631592
-3.97467303276062
-5.08100700378418
-5.527848243713379
-3.789562702178955
-3.893327474594116
-4.668874263763428
-5.013369560241699
-4.944663047790527
-4.697116374969482
-4.331243515014648
-4.52935266494751
-4.680385589599609
-3.9184558391571045
-3.840480089187622
-3.865783929824829
-4.22442102432251
-4.35615873336792
-3.7344186305999756
-4.413233280181885
-4.4413604736328125
-4.144832134246826
-3.745253562927246
-3.8952834606170654
-4.422365665435791
-4.439550876617432
-3.9852752685546875
-4.102785587310791
-4.57640266418457
-4.6607537269592285
-4.039915561676025
-4.10335111618042
-4.290243625640869
-4.510261058807373
-3.6321980953216553
-4.477702617645264
-4.347900390625
-4.1918182373046875
-3.7726166248321533
-5.044265270233154
-4.359247207641602
-4.466326713562012
-4.4629034996032715
-4.437290668487549
-4.139707565307617
-3.840223789215088
-4.399031639099121
-4.824318885803223
-5.013369560241699
-3.9707231521606445
-4.035202503204346
-4.266932964324951
-4.793346881866455
-4.663714408874512
-4.631502151489258
-3.9936628341674805
-4.352247714996338
-4.934301853179932
-4.288312911987305
-4.062204837799072
-4.037765026092529
-4.651078224182129
-4.735084056854248
-4.145726203918457
-4.554485321044922
-4.544191837310791
-4.648655414581299
-3.9436988830566406
-4.4191508293151855
-4.430931568145752
-3.9652509689331055
-4.027400970458984
-5.083807945251465
-4.371279716491699
-3.961843967437744
-4.708044528961182
-4.375932693481445
-4.642256736755371
-4.504514694213867
-3.940438747406006
-4.802265167236328
-4.716582298278809
-4.56884241104126
-4.0741353034973145
-4.3242316246032715
-3.414044141769409
-4.172127723693848
-4.188800811767578
-4.013640880584717
-3.984846830368042
-4.384202003479004
-4.20920467376709
-4.431697845458984
-3.5725903511047363
-3.817730188369751
