0.8499658107757568
0.8636331558227539
0.8696064352989197
0.8728780746459961
0.876349925994873
0.8667474389076233
0.8493746519088745
0.8562549948692322
0.8493705987930298
0.8472635746002197
0.8583405017852783
0.8495838642120361
0.8498125076293945
0.8473233580589294
0.849331259727478
0.8281549215316772
0.8659743666648865
0.8391450643539429
0.854875385761261
0.8399251103401184
0.8692000508308411
0.8326789140701294
0.8686573505401611
0.8665339350700378
0.8220826387405396
0.8552786707878113
0.8157001733779907
0.862068235874176
0.8654352426528931
0.8561038374900818
0.8593745231628418
0.854966402053833
0.8551657795906067
0.8634900450706482
0.8703733682632446
0.8311135172843933
0.8415210247039795
0.8664131164550781
0.8680306673049927
0.8813150525093079
0.8623656630516052
0.882462203502655
0.8603821396827698
0.8418822884559631
0.8419591784477234
0.8559712171554565
0.8598169088363647
0.854306161403656
0.8476378321647644
0.8591465950012207
0.8665733933448792
0.8745009899139404
0.8464740514755249
0.8241975903511047
0.8625448346138
0.8543373346328735
0.8428705334663391
0.8666900992393494
0.8527836799621582
0.8585559725761414
0.8731433749198914
0.8759711980819702
0.8579524159431458
0.8395402431488037
0.8482958674430847
0.8081982135772705
0.8549379706382751
0.8495765328407288
0.8535743951797485
0.8437791466712952
0.8602895736694336
0.8536674380302429
0.8769445419311523
0.8530053496360779
0.8704574108123779
0.8498976230621338
0.8585508465766907
0.8505072593688965
0.8591755032539368
0.8599289655685425
0.8772841691970825
0.8338465690612793
0.8652883172035217
0.858822762966156
0.8536156415939331
0.8863946795463562
0.8525866270065308
0.8935036063194275
0.8396080136299133
0.8727152347564697
0.8637845516204834
0.864926278591156
0.8635008335113525
0.8220826387405396
0.858403742313385
0.8776252269744873
0.8825060129165649
0.8536202907562256
0.8803206086158752
0.8880411386489868
0.8704467415809631
0.8405739665031433
