-4.861040115356445
-4.102890968322754
-4.816347122192383
-4.620392322540283
-4.551003932952881
-4.353666305541992
-4.426962852478027
-4.128979206085205
-4.751148223876953
-4.807276725769043
-4.649839401245117
-4.214601993560791
-4.432702541351318
-4.0146589279174805
-4.78366231918335
-4.35781192779541
-4.164283752441406
-4.701528549194336
-4.0817155838012695
-4.214950084686279
-4.298635959625244
-4.324402332305908
-5.15625
-4.218860626220703
-4.230020523071289
-3.816661834716797
-4.494324207305908
-4.920748710632324
-4.475887298583984
-4.917214393615723
-5.237868785858154
-4.826962471008301
-4.475353717803955
-2.874133825302124
-4.157953262329102
-4.061924934387207
-4.469014644622803
-4.735840320587158
-4.483763217926025
-4.426233291625977
-4.81851863861084
-4.44514799118042
-4.909584045410156
-5.603456497192383
-4.2040228843688965
-3.893453359603882
-4.271059036254883
-4.473934650421143
-4.503347873687744
-4.7503204345703125
-4.865259647369385
-4.675292491912842
-4.621869087219238
-5.055604934692383
-4.335633754730225
-4.289121627807617
-4.3727803230285645
-4.132908821105957
-3.9994168281555176
-4.39104700088501
-4.146769046783447
-4.288692951202393
-4.5012664794921875
-4.558058261871338
-4.424256324768066
-4.569188117980957
-3.999732732772827
-5.004985809326172
-4.737624168395996
-4.382097244262695
-4.613661289215088
-4.502762794494629
-4.373120307922363
-4.779388427734375
-4.722479820251465
-5.102100849151611
-4.001845836639404
-5.047947406768799
-5.477073669433594
-4.460290908813477
-5.067651271820068
-4.586607456207275
-4.452442169189453
-4.365825653076172
-4.2110676765441895
-3.7367894649505615
-4.54496431350708
-4.222986698150635
-4.830702781677246
-4.963110446929932
-4.321442604064941
-4.476983547210693
-4.237049102783203
-4.446573257446289
-4.134888172149658
-4.546154499053955
-4.56198263168335
-4.003264904022217
-4.385341644287109
-4.430198669433594
-4.306389808654785
-4.10775899887085
-4.145813465118408
-4.803771018981934
-3.9263973236083984
-4.418459892272949
-4.441011905670166
-4.805919170379639
-4.461979389190674
-4.467259407043457
-4.245064735412598
-4.088987350463867
-3.912515163421631
-4.953012466430664
-4.312537670135498
-4.66331148147583
-4.298542022705078
-4.63761568069458
-4.538233280181885
-4.645938396453857
-4.5224432945251465
-4.852453231811523
-4.829894542694092
-4.631951332092285
-4.895733833312988
-4.503159999847412
-4.538107395172119
-4.655198097229004
-4.465808391571045
-4.317267894744873
-4.359497547149658
-4.067066669464111
-4.242796897888184
-4.903868675231934
-4.2274322509765625
-4.4259443283081055
-4.581021308898926
-4.700194835662842
-4.261551380157471
-4.495092868804932
-4.6895341873168945
-4.260446548461914
-5.020992755889893
-4.227489471435547
-3.9813690185546875
-4.504721641540527
-4.699341297149658
-4.103906631469727
-4.93688440322876
-4.726772785186768
-4.25993537902832
-4.636651039123535
-4.4168171882629395
-4.400509834289551
-4.201345920562744
-4.119854927062988
-4.231828689575195
-4.471736431121826
-3.9200127124786377
-4.750304698944092
-4.8072919845581055
-4.433034896850586
-4.2822651863098145
-4.061828136444092
-4.738057613372803
-4.153434753417969
-4.262622833251953
-4.708014011383057
-4.4476094245910645
-4.302353382110596
-4.402889251708984
-4.648178577423096
-5.1517534255981445
-4.523776531219482
-4.265046119689941
-4.398477077484131
-4.389614105224609
-4.265275478363037
-4.59049129486084
-4.733945369720459
-4.215137958526611
-4.592685222625732
-4.202861785888672
-4.334277153015137
-4.920068264007568
-4.279500484466553
-4.052907943725586
-4.214432239532471
-4.658531188964844
-4.533183574676514
-4.285212993621826
-4.154540061950684
-4.227019309997559
-4.763957977294922
-3.918804883956909
-4.221707820892334
-5.0336432456970215
-4.569211483001709
-4.342247486114502
-3.8504867553710938
-4.6812968254089355
-4.486311435699463
-4.245564937591553
-4.382330894470215
-4.985457897186279
-3.9600610733032227
-4.604586601257324
-4.710626125335693
-4.337150573730469
-4.439152240753174
-4.668151378631592
-3.9073283672332764
-4.6132001876831055
-5.000136375427246
-4.611095428466797
-4.614580154418945
-4.051250457763672
-4.506714344024658
-4.56599760055542
-4.1657490730285645
-4.596301555633545
-5.100357532501221
-4.115788459777832
-4.46964693069458
-4.435356616973877
-4.613158226013184
-5.001380443572998
-4.496914386749268
-4.318904876708984
-4.426102161407471
-4.099836826324463
-4.36650276184082
-4.749729156494141
-2.9275450706481934
-4.721797943115234
-4.546131610870361
-4.123146057128906
-4.401995658874512
-4.3775634765625
-4.820456027984619
-3.997081995010376
-4.642988204956055
-4.157864570617676
-4.421070098876953
-4.670051574707031
-4.362129211425781
-4.7671122550964355
-4.642829895019531
-4.6551666259765625
-4.568195819854736
-4.647542953491211
-4.561700820922852
-5.250582695007324
-4.434295177459717
-4.4314117431640625
-4.629609107971191
-4.46122932434082
-4.468688488006592
-4.391956806182861
-4.633471965789795
-4.4814887046813965
-4.443793773651123
-4.339544773101807
-4.468963146209717
-5.031671047210693
-4.363151550292969
-4.69285249710083
-3.948941230773926
-4.425364971160889
-4.5702080726623535
-5.017964839935303
-4.6942219734191895
-4.527796745300293
-5.153934001922607
-3.715505838394165
-4.724856853485107
-4.374257564544678
-4.257415294647217
-4.714382648468018
-4.856300354003906
-4.756407260894775
-4.821646690368652
-3.796060562133789
-3.953378915786743
-5.164126396179199
-4.281120777130127
-3.889697790145874
-4.634291648864746
-4.44441556930542
-4.404025554656982
-4.175695419311523
-4.4788498878479
-3.412541389465332
-4.38172721862793
-4.189535140991211
-4.215085029602051
-5.177806377410889
-4.88514518737793
-4.313571453094482
-4.2846293449401855
-4.618826866149902
-4.325272083282471
-4.593238353729248
-4.308498859405518
-4.618768215179443
-4.578422546386719
-4.265844821929932
-4.702462196350098
-4.5979228019714355
-4.565393924713135
-4.727481365203857
-4.5895843505859375
-4.453478813171387
-4.708362579345703
-4.40081787109375
-4.169710636138916
-4.278953552246094
-4.190273761749268
-3.444711685180664
-4.764420032501221
-4.3495893478393555
-4.343960762023926
-5.081249713897705
-3.8669023513793945
-4.579293251037598
-4.859897613525391
-4.233613014221191
-5.01087760925293
-4.2911834716796875
-4.055592060089111
-4.662745475769043
-4.5089335441589355
-4.813258647918701
-4.100965976715088
-4.514128684997559
-4.216553211212158
-4.077427387237549
-4.308187484741211
-4.254463195800781
-4.484920024871826
-4.676839828491211
-4.434864044189453
-4.579360008239746
-4.495664596557617
-3.977562665939331
-4.868793487548828
-4.01495885848999
-3.9273698329925537
-4.518772602081299
-4.802030086517334
-4.191522598266602
-3.978614091873169
-4.0572028160095215
-3.9584949016571045
-4.204623699188232
-3.9841599464416504
-4.455483913421631
-4.420650959014893
-4.4972004890441895
-4.679900646209717
-3.841151714324951
-4.3368706703186035
-4.43589973449707
-4.041587829589844
-4.6809401512146
-5.5246806144714355
-4.4210944175720215
-4.676517963409424
-4.320064067840576
-4.3908491134643555
-5.077413082122803
-4.404812812805176
-4.487198829650879
-4.725690841674805
-5.268412113189697
-4.585567951202393
-5.235269069671631
-4.332310676574707
-4.779061794281006
-4.414543151855469
-4.862043857574463
-5.213808536529541
-4.91232967376709
-4.2444939613342285
-4.5872015953063965
-4.7395734786987305
-4.368075847625732
-3.5933237075805664
-4.589944839477539
-4.24102783203125
-4.2787346839904785
-4.478165626525879
-4.711214065551758
-4.537811756134033
-4.431239604949951
-4.597277641296387
-4.176460266113281
-4.267874717712402
-4.261312961578369
-4.243677616119385
-4.946836471557617
-4.810877323150635
-4.436986446380615
-4.474071025848389
-4.327656269073486
-4.396257400512695
-4.6327805519104
-4.1953840255737305
-3.757235050201416
-4.510157108306885
-4.431628704071045
-5.101797580718994
-4.480764389038086
-4.503325462341309
-4.526188850402832
-4.025297164916992
-4.550069808959961
-4.6027092933654785
-4.8078227043151855
-4.256810188293457
-5.045581817626953
-4.62552547454834
-3.909790515899658
-4.24031400680542
-5.192080974578857
-4.840012073516846
-4.293989658355713
-4.50623893737793
-4.655786037445068
-4.258082389831543
-4.937511444091797
-4.624547481536865
-4.532767295837402
-4.17446231842041
-4.73394775390625
-4.450257301330566
-4.366027355194092
-4.093845844268799
-4.199634075164795
-4.312974452972412
-4.530176162719727
-4.212789535522461
-5.497070789337158
-4.368311882019043
-4.758452892303467
-4.365468502044678
-4.23164701461792
-4.717989921569824
-4.372166156768799
-4.1486124992370605
-4.729971885681152
-4.124485492706299
-4.878561496734619
-4.475455284118652
-4.504850387573242
-4.473189830780029
-3.685041666030884
-3.922866106033325
-4.3753342628479
-4.276694297790527
-4.350798606872559
-4.5012664794921875
-4.255492210388184
-4.569188594818115
-4.618228912353516
-4.031877517700195
-4.4239935874938965
-4.633536338806152
-4.392302513122559
-4.913822650909424
-4.299374580383301
-4.613654613494873
-4.110692024230957
-4.473410606384277
-4.660301208496094
-4.891713619232178
-4.669891834259033
-5.686432838439941
-3.61264705657959
-4.0205206871032715
-4.408161163330078
-4.034563064575195
-4.705488204956055
-4.159082889556885
-5.038405895233154
-4.288239002227783
-4.808172225952148
-5.003380298614502
-4.43294095993042
-4.508554935455322
-4.307385444641113
-4.426893711090088
-4.069639682769775
-5.229747295379639
-4.010146141052246
-3.9591522216796875
-4.282076358795166
-4.083683490753174
-4.656762599945068
-4.244235992431641
-4.451925754547119
-4.9088358879089355
-4.130751609802246
-4.846165180206299
-4.018917083740234
-4.851135730743408
-4.425389289855957
-4.0996785163879395
-4.40684175491333
-4.029041767120361
-4.565084457397461
-4.25877046585083
-4.0153398513793945
-4.3853864669799805
-4.560841083526611
-5.324361801147461
-4.146400451660156
-4.400915145874023
-4.085946559906006
-4.69413948059082
-5.9883551597595215
-4.225895881652832
-4.287058353424072
-4.431727886199951
-4.103507041931152
-4.496927261352539
-4.5889973640441895
-4.445987701416016
-4.071767330169678
-4.452517032623291
-4.8603410720825195
-4.740875244140625
-4.177482604980469
-4.988010406494141
-4.184243679046631
-4.402502536773682
-4.045716762542725
-4.751701354980469
-4.791931629180908
-4.29311990737915
-4.4832634925842285
-4.306101322174072
-4.6225266456604
-4.635006904602051
-4.924767971038818
-4.125394344329834
-3.8554329872131348
-4.480597972869873
-3.9419572353363037
-4.654872417449951
-4.03646183013916
-4.446142196655273
-4.635679721832275
-4.729987144470215
-4.134944915771484
-4.495993137359619
-4.970573902130127
-3.9892327785491943
-4.169605731964111
-3.912766218185425
-4.473609924316406
-4.05873441696167
-4.871068954467773
-3.9222629070281982
-4.216249942779541
-4.628434181213379
-4.2764434814453125
-4.676766395568848
-4.850017070770264
-4.598916053771973
-4.319671154022217
-4.2671685218811035
-4.486523151397705
-4.4373555183410645
-4.692159652709961
-4.096768379211426
-4.629602432250977
-4.7050909996032715
-3.7918930053710938
-4.798802852630615
-4.302794456481934
-4.2460246086120605
-4.976611137390137
-4.298031806945801
-4.497265815734863
-4.468754291534424
-4.698251724243164
-3.918804883956909
-4.128933429718018
-4.54706335067749
-4.555261135101318
-4.552545547485352
-4.108522891998291
-4.517050266265869
-5.102833271026611
-4.220038414001465
-4.319069862365723
-4.19185733795166
-4.606191158294678
-4.681720733642578
-4.464912414550781
-4.500295639038086
-4.841747283935547
-4.67659854888916
-3.935124635696411
-4.601287364959717
-3.968096971511841
-4.515625476837158
-5.067374229431152
-4.1490888595581055
-4.056423664093018
-4.678685665130615
-4.3583784103393555
-4.193668842315674
-4.175153732299805
-4.415664196014404
-4.943221092224121
-4.551302433013916
-4.16914701461792
-4.215939521789551
-4.626771926879883
-4.394611835479736
-4.470132350921631
-4.668500900268555
-4.099342346191406
-3.95158052444458
-4.232105255126953
-4.668643474578857
-4.329445838928223
-4.238990783691406
-4.576339244842529
-4.37393856048584
-5.258292198181152
-3.976893186569214
-4.414555549621582
-4.644263744354248
-4.239746570587158
-4.656704902648926
-3.8705813884735107
-4.984954357147217
-4.035042762756348
-4.107336044311523
-4.382025718688965
-4.174265384674072
-4.521137714385986
-5.055604934692383
-4.304596900939941
-4.142702102661133
-4.380510330200195
-4.166355609893799
-4.901274681091309
-4.323365211486816
-4.348576545715332
-3.487236976623535
-4.214931964874268
-4.707797050476074
-3.8206138610839844
-4.652123928070068
-4.221529483795166
-4.486438751220703
-4.692626476287842
-4.625393867492676
-4.691681861877441
-4.375175952911377
-4.773465633392334
-4.512437343597412
-4.792662143707275
-4.818048000335693
-4.955084323883057
-4.425368785858154
-4.136581897735596
-3.9521877765655518
-4.141379356384277
-4.282054424285889
-4.177365303039551
-4.575918674468994
-4.66390323638916
-5.1511406898498535
-4.493424892425537
-4.641274929046631
-3.9925639629364014
-4.3873491287231445
-4.162496089935303
-4.0927734375
-3.887010335922241
-4.553868770599365
-3.9331345558166504
-4.328993797302246
-4.162102222442627
-4.180052757263184
-4.037079811096191
-3.9949026107788086
-5.0340776443481445
-4.700531005859375
-4.143722057342529
-4.029913425445557
-5.1253509521484375
-4.297359943389893
-4.318559169769287
-4.579653263092041
-3.587920904159546
-4.827020645141602
-4.233511924743652
-4.77660608291626
-3.9435689449310303
-4.758964538574219
-4.43641471862793
-4.254006862640381
-4.926767826080322
-4.9320597648620605
-4.142190456390381
-4.541163921356201
-4.3932695388793945
-4.336001396179199
-4.5876617431640625
-5.0749831199646
-4.095388889312744
-4.289097309112549
-4.317773342132568
-4.5058979988098145
-4.516176700592041
-3.7442352771759033
-4.1699419021606445
-4.140000820159912
-4.4721903800964355
-4.4575581550598145
-4.299980163574219
-4.406177520751953
-4.314764976501465
-4.301877021789551
-4.4143476486206055
-4.420969486236572
-4.39225959777832
-4.391391754150391
-4.42717170715332
-4.702916145324707
-4.709510326385498
-5.1381659507751465
-4.566280841827393
-4.6838788986206055
-3.884963274002075
-4.220839500427246
-4.855194091796875
-4.781891822814941
-4.665435791015625
-4.504441261291504
-4.999209880828857
-4.716398239135742
-4.5465850830078125
-4.7089152336120605
-4.499024391174316
-4.488890171051025
-4.3483099937438965
-4.473629474639893
-4.412757396697998
-4.227535724639893
-3.8725132942199707
-4.4487457275390625
-4.253512859344482
-4.400235652923584
-4.414038181304932
-4.233922481536865
-4.337339401245117
-4.272880554199219
-3.7802019119262695
-4.462616920471191
-4.468414306640625
-4.102536678314209
-4.252248764038086
-5.074982166290283
-3.847263813018799
-4.57614803314209
-4.331210136413574
-4.7287797927856445
-3.936079740524292
-3.966647148132324
-4.48891019821167
-4.855331897735596
-4.7189621925354
-4.907594680786133
-4.4353718757629395
-4.763631820678711
-4.617835998535156
-4.382097244262695
-4.728784084320068
-4.506204128265381
-4.448667049407959
-5.022377014160156
-4.932943344116211
-4.868467807769775
-4.53589391708374
-4.568329811096191
-4.466965198516846
-4.374857425689697
-4.430654525756836
-4.431894302368164
-4.424029350280762
-4.133896827697754
-4.636695384979248
-4.8379998207092285
-4.30850076675415
-4.576411247253418
-4.768833160400391
-3.9779653549194336
-4.279244899749756
-3.8103749752044678
-4.528810024261475
-4.674282073974609
-4.180044651031494
-4.204341411590576
-4.080334186553955
-4.536680221557617
-4.300646781921387
-5.268931865692139
-3.961742877960205
-4.11044454574585
-5.132227420806885
-4.334665775299072
-5.057751655578613
-4.449668884277344
-4.405233860015869
-4.473869800567627
-4.339946269989014
-4.256489276885986
-4.170865058898926
-4.384657382965088
-4.235898971557617
-4.804359436035156
-4.4636945724487305
-4.3348307609558105
-4.763147830963135
-4.019769191741943
-4.342033386230469
-5.001134395599365
-4.063692092895508
-4.482906341552734
-4.368736743927002
-4.394558429718018
-4.654388904571533
-4.548415660858154
-4.590534210205078
-4.502813339233398
-4.817591667175293
-3.573206901550293
-5.055604934692383
-3.703155755996704
-4.806095600128174
-4.376523494720459
-4.03646183013916
-4.342737197875977
-4.24706506729126
-4.171639442443848
-4.426035404205322
-4.139458656311035
-4.521656513214111
-5.507589817047119
-4.52437162399292
-4.564509391784668
-4.4108452796936035
-4.1904616355896
-3.9222629070281982
-4.342702865600586
-4.224108695983887
-4.410288333892822
-4.802055835723877
-4.225992202758789
-4.170860767364502
-4.600229263305664
-4.849931716918945
-4.517625331878662
-4.241026401519775
-4.12009859085083
-4.233049392700195
-3.8106789588928223
-4.560946941375732
-4.4915266036987305
-4.688370704650879
-4.495577812194824
-4.75208854675293
-4.5596232414245605
-4.64221715927124
-4.2251667976379395
-4.279643535614014
-4.461287498474121
-4.492653846740723
-4.554314136505127
-4.689371109008789
-4.295419692993164
-4.674060344696045
-4.469057083129883
-4.604626178741455
-4.703832626342773
-4.315682888031006
-4.104423999786377
-4.0226969718933105
-4.76262092590332
-4.222255706787109
-4.476128101348877
-4.345729827880859
-4.2504801750183105
-4.282437324523926
-4.141350746154785
-3.781599998474121
-4.052373886108398
-4.290013790130615
-5.281876564025879
-4.8813300132751465
-4.487480163574219
-4.927467346191406
-4.3667778968811035
-4.469696521759033
-4.86263370513916
-3.7102034091949463
-3.908968448638916
-4.273298740386963
-4.511746406555176
-4.127300262451172
-4.548898220062256
-4.383810043334961
-4.335407257080078
-4.680057048797607
-4.607846736907959
-4.449016571044922
-4.426145076751709
-4.793368816375732
-4.293682098388672
-4.186498165130615
-3.992605209350586
-4.4250030517578125
-4.78592586517334
-4.393401622772217
-4.769115447998047
-4.532999515533447
-4.196831703186035
-4.779417991638184
-4.916276454925537
-4.367916107177734
-4.309880256652832
-4.401401042938232
-4.413026809692383
-5.414700984954834
-4.231335163116455
-4.157023906707764
-4.722960472106934
-4.24976110458374
-4.613467693328857
-4.207415580749512
-4.16795015335083
-4.444137096405029
-4.6983537673950195
-4.47649621963501
-4.778334617614746
-4.39854097366333
-4.451157569885254
-4.595530033111572
-4.335707664489746
-4.600370407104492
-4.28239631652832
-4.312071800231934
-4.6691813468933105
-4.650790214538574
-4.462237358093262
-4.801978588104248
-3.846637725830078
-4.496885299682617
-3.846033811569214
-4.603579998016357
-4.199000835418701
-4.668662071228027
-5.001044750213623
-4.2657060623168945
-4.281631946563721
-5.180112838745117
-4.098673343658447
-3.8438498973846436
-4.647665977478027
-5.245663642883301
-4.369117736816406
-4.182119369506836
-4.676825046539307
-4.148375511169434
-4.545956134796143
-5.006576061248779
-4.2545552253723145
-4.431964874267578
-5.094728946685791
-4.315031051635742
-4.522802352905273
-4.038063049316406
-4.431763172149658
-4.1684088706970215
-4.495038986206055
-4.679302215576172
-4.2086029052734375
-4.455018043518066
-4.595032215118408
-4.723537921905518
-4.261367321014404
-4.689276218414307
-4.466740131378174
-4.370396614074707
-4.763449192047119
-4.679824352264404
-4.4007744789123535
-4.21233606338501
-4.5560503005981445
-4.6374735832214355
-4.584096431732178
-4.446960926055908
-4.230127811431885
-4.558993816375732
-4.412994384765625
-3.8777902126312256
-4.428390979766846
-4.1701340675354
-4.317076206207275
-4.654611587524414
-5.011392593383789
-4.296508312225342
-4.171198844909668
-4.628610610961914
-4.370065689086914
-4.055249214172363
-4.516465663909912
-3.837829828262329
-4.451293468475342
-4.304916858673096
-4.584052562713623
-4.317810535430908
-4.582702159881592
-5.117729663848877
-3.9521665573120117
-4.3363728523254395
-4.435943126678467
-4.783026218414307
-4.322292804718018
-4.750391006469727
-4.201205253601074
-4.340915679931641
-4.215557098388672
-4.482845783233643
-4.560480117797852
-4.228825569152832
-4.68087911605835
-4.580338478088379
-3.7667930126190186
-4.591370582580566
-4.94885778427124
-4.883800029754639
-4.439133167266846
-4.823578357696533
-4.840837001800537
-4.2973833084106445
-4.56807804107666
-4.251578330993652
-4.371284484863281
-4.382709503173828
-4.246048450469971
-4.773486137390137
-4.16659688949585
-4.402444839477539
-4.527324676513672
-4.183525085449219
-4.394714832305908
-4.5968499183654785
-4.637048244476318
-4.586724758148193
-4.408771991729736
