-4.494007587432861
-4.482353210449219
-5.140311241149902
-4.52153205871582
-4.611991882324219
-4.299554824829102
-4.488193035125732
-5.110443592071533
-5.030562400817871
-4.877223968505859
-4.589623928070068
-4.474269866943359
-4.5892252922058105
-4.151721000671387
-5.257261753082275
-4.258120059967041
-4.700108528137207
-4.646839618682861
-4.312440872192383
-4.674558162689209
-4.653276443481445
-5.001042366027832
-5.297235012054443
-4.774252891540527
-4.4671783447265625
-4.640594959259033
-5.237717628479004
-4.938570022583008
-4.9337005615234375
-4.876337051391602
-5.629775047302246
-4.802620887756348
-4.862588405609131
-4.144427299499512
-4.292355537414551
-4.43558406829834
-4.848573207855225
-4.8988423347473145
-4.80023717880249
-4.7337236404418945
-5.232167720794678
-4.666659355163574
-5.347127914428711
-5.408094882965088
-4.769082546234131
-4.05620002746582
-4.403417587280273
-4.703650951385498
-4.735659599304199
-5.307785987854004
-5.0588459968566895
-4.836476802825928
-4.793972969055176
-5.743788242340088
-4.8771257400512695
-4.600884437561035
-4.836956024169922
-4.395531177520752
-4.907381534576416
-4.553206920623779
-4.63214635848999
-4.225342273712158
-4.940615177154541
-5.391856670379639
-4.602237701416016
-4.658451080322266
-4.115723609924316
-4.935895919799805
-4.8951802253723145
-4.627632141113281
-4.594283580780029
-4.649011135101318
-4.586539268493652
-5.332808494567871
-4.695971965789795
-4.887264251708984
-4.37779426574707
-5.416889667510986
-5.044620037078857
-4.616698741912842
-4.690239429473877
-4.7876973152160645
-4.8767242431640625
-4.66097354888916
-4.578021049499512
-4.302753448486328
-4.902912616729736
-4.614574909210205
-4.956177711486816
-5.48166036605835
-4.454751014709473
-5.686352252960205
-4.7451887130737305
-5.036592483520508
-4.770089149475098
-4.763792037963867
-4.6168599128723145
-4.445490837097168
-4.951101779937744
-4.705165863037109
-4.798741817474365
-4.701895713806152
-4.34844446182251
-4.892171859741211
-4.348342418670654
-4.728143692016602
-4.112635612487793
-4.902978420257568
-5.174820423126221
-4.858799934387207
-4.936158657073975
-4.674111843109131
-4.72852087020874
-4.756757736206055
-4.441961765289307
-5.288084506988525
-5.035762786865234
-5.179255962371826
-4.937412738800049
-5.0940046310424805
-5.017580032348633
-5.402130126953125
-5.198487758636475
-4.83935022354126
-5.1149821281433105
-4.8795928955078125
-4.968332290649414
-5.093625545501709
-5.664689064025879
-5.168276786804199
-4.966573238372803
-4.639817714691162
-4.562972068786621
-5.121764659881592
-4.172703266143799
-4.78883695602417
-5.045739650726318
-4.793345928192139
-4.546800136566162
-4.699437618255615
-5.261511325836182
-4.574887752532959
-5.424489974975586
-4.186528205871582
-4.485383987426758
-4.9095001220703125
-4.8070759773254395
-4.081070423126221
-5.024168014526367
-5.120120048522949
-4.783339977264404
-4.7018632888793945
-4.537237644195557
-4.7904510498046875
-4.559558868408203
-4.1669745445251465
-4.673220634460449
-4.803982734680176
-3.850595712661743
-5.040709495544434
-4.9961419105529785
-4.535854816436768
-4.422029495239258
-4.863720893859863
-4.940733909606934
-4.281877517700195
-4.659724235534668
-5.0211710929870605
-4.8490705490112305
-4.889066696166992
-4.602860450744629
-4.824909687042236
-5.197253704071045
-4.631285667419434
-4.74017333984375
-4.940566539764404
-4.3240156173706055
-5.25474739074707
-4.775130271911621
-4.760306358337402
-4.85472297668457
-4.900073051452637
-4.7298665046691895
-4.860384941101074
-5.093306064605713
-4.843959808349609
-3.8312947750091553
-4.809937477111816
-4.7337446212768555
-4.287500381469727
-4.974220275878906
-4.6238298416137695
-4.959068298339844
-4.963288307189941
-4.532876968383789
-4.352785110473633
-4.7071404457092285
-4.510684967041016
-4.696597576141357
-4.571110725402832
-3.908428907394409
-5.389462947845459
-4.698362827301025
-4.445267200469971
-5.17018985748291
-4.561028957366943
-4.990305423736572
-4.755682945251465
-5.0721306800842285
-4.562281131744385
-5.233949661254883
-4.298049449920654
-5.075710773468018
-5.5096259117126465
-5.183465480804443
-4.6949286460876465
-3.978607177734375
-4.465651035308838
-4.7865071296691895
-4.6557698249816895
-5.1655988693237305
-5.145519733428955
-4.278685569763184
-4.907723426818848
-4.919808864593506
-5.065865516662598
-5.290835857391357
-4.8099799156188965
-4.907154560089111
-4.31292724609375
-4.619754791259766
-5.036684036254883
-4.938899517059326
-3.3242855072021484
-5.1710944175720215
-4.898072719573975
-4.746468544006348
-4.935848236083984
-4.630094528198242
-5.100185871124268
-4.603809833526611
-4.66922664642334
-5.093862056732178
-4.1518940925598145
-4.995525360107422
-4.5855913162231445
-4.814810276031494
-5.061824321746826
-4.7929816246032715
-4.592580318450928
-5.261997222900391
-5.159363746643066
-5.718883037567139
-4.354837894439697
-5.048839569091797
-5.002954483032227
-4.609264373779297
-4.884488582611084
-4.91786003112793
-4.372989654541016
-4.943942070007324
-4.848985195159912
-4.134600639343262
-4.765322685241699
-5.0915303230285645
-4.94127893447876
-5.062463283538818
-4.50579833984375
-4.445733547210693
-4.936248302459717
-4.976200580596924
-5.295420169830322
-4.574416637420654
-4.822442531585693
-4.376193523406982
-4.9302473068237305
-4.788787364959717
-4.456204414367676
-4.433863162994385
-4.953721046447754
-4.916221618652344
-5.010274410247803
-4.380352020263672
-4.342843532562256
-5.046754837036133
-4.722616195678711
-4.736452579498291
-4.45237922668457
-4.543949604034424
-4.812532901763916
-4.79373025894165
-5.026947975158691
-3.5993216037750244
-4.506748199462891
-4.918635368347168
-4.467852592468262
-5.046502590179443
-5.353936195373535
-4.7521209716796875
-5.147532939910889
-4.952594757080078
-4.63109827041626
-5.313673973083496
-4.704685211181641
-5.207286834716797
-4.615938663482666
-4.68283224105835
-4.950231075286865
-5.072926998138428
-4.583561897277832
-5.261906147003174
-5.152706146240234
-4.471413612365723
-5.013851642608643
-4.971407413482666
-4.588799953460693
-4.554324626922607
-4.810095310211182
-4.89012336730957
-4.336549758911133
-4.924056053161621
-5.111973285675049
-5.386941909790039
-4.282702922821045
-4.771066188812256
-4.599526882171631
-4.710887908935547
-6.169858932495117
-4.596292018890381
-4.087070941925049
-5.039054870605469
-4.833357810974121
-4.933602333068848
-4.5571184158325195
-4.9446868896484375
-5.400698661804199
-4.619781017303467
-4.498556137084961
-4.468583583831787
-4.002483367919922
-5.042301177978516
-4.944726467132568
-4.911647796630859
-5.183785915374756
-4.329544544219971
-4.535781383514404
-4.061070442199707
-4.468693733215332
-4.65247106552124
-5.198994159698486
-4.738882064819336
-4.6947855949401855
-4.779166221618652
-4.82808780670166
-4.314363479614258
-4.45283842086792
-4.50928258895874
-4.181338787078857
-4.683817386627197
-5.028449058532715
-3.977168321609497
-4.6589765548706055
-4.911332130432129
-3.938913583755493
-4.997280597686768
-5.046846389770508
-4.516047477722168
-4.60405969619751
-4.538837909698486
-4.989651679992676
-5.3309149742126465
-5.063609600067139
-4.608168601989746
-4.942718505859375
-5.1973042488098145
-4.702099323272705
-4.665248394012451
-4.3034820556640625
-4.969575881958008
-5.024241924285889
-4.920629501342773
-4.853144645690918
-4.647336483001709
-5.198694705963135
-5.060428142547607
-5.436824321746826
-4.737207412719727
-4.223695278167725
-4.849672317504883
-4.411230564117432
-4.834470272064209
-4.547297477722168
-4.864748001098633
-5.036403656005859
-4.69677734375
-5.2496209144592285
-3.7329611778259277
-4.684173107147217
-4.7120137214660645
-4.783884525299072
-5.286088943481445
-4.843882083892822
-4.57249116897583
-4.698488235473633
-5.912024974822998
-4.77114200592041
-5.337440490722656
-5.3435235023498535
-3.810336112976074
-4.496008396148682
-4.690337657928467
-5.223822593688965
-5.113664150238037
-4.807120323181152
-4.7184367179870605
-4.502861976623535
-4.569949150085449
-5.0894293785095215
-5.726078033447266
-4.460839748382568
-4.723688125610352
-4.615869045257568
-4.272976398468018
-4.971768856048584
-5.256922245025635
-5.200441360473633
-4.6395463943481445
-4.860995769500732
-4.880603313446045
-3.9745771884918213
-4.987576007843018
-5.085616111755371
-4.889191150665283
-4.666841983795166
-4.409749984741211
-4.9964752197265625
-4.888280868530273
-4.758057117462158
-4.789467811584473
-4.806351661682129
-5.593455791473389
-4.86243200302124
-5.693838596343994
-4.739590167999268
-4.880212783813477
-5.508677959442139
-4.343906879425049
-4.787346839904785
-4.993130207061768
-4.3487701416015625
-5.054785251617432
-4.642457962036133
-5.322061538696289
-5.229395866394043
-4.774025917053223
-4.558138370513916
-4.166057109832764
-4.039613246917725
-4.969119071960449
-4.82663106918335
-4.831269264221191
-4.654841899871826
-4.352694988250732
-5.049698352813721
-5.0446882247924805
-4.739644527435303
-5.003990650177002
-5.131466388702393
-4.44915771484375
-5.320435523986816
-4.841862201690674
-4.761823654174805
-4.7876296043396
-5.087849140167236
-5.125075817108154
-5.167751312255859
-4.797426700592041
-5.251791477203369
-4.188563346862793
-4.384355545043945
-4.7992167472839355
-4.120444297790527
-4.9540581703186035
-4.7251362800598145
-5.456192493438721
-4.649325370788574
-5.0149760246276855
-5.221208095550537
-4.803554534912109
-4.826393127441406
-4.518161773681641
-4.9509735107421875
-4.378477573394775
-5.223509788513184
-4.570972919464111
-4.59000301361084
-4.733140468597412
-4.621163368225098
-4.612264633178711
-4.4158101081848145
-4.577968120574951
-5.0468430519104
-4.823455333709717
-5.282715797424316
-4.840670585632324
-4.7280426025390625
-4.69869327545166
-4.928600788116455
-4.902569770812988
-4.6630120277404785
-5.092484951019287
-4.961702346801758
-4.390696048736572
-4.78145170211792
-4.914190769195557
-5.50002384185791
-4.981066703796387
-4.879642009735107
-4.536562442779541
-5.053300380706787
-5.497064590454102
-4.817997455596924
-4.704108715057373
-4.92109489440918
-4.684879302978516
-4.513364315032959
-5.027286529541016
-4.533229351043701
-4.8151655197143555
-4.395545959472656
-4.9860687255859375
-5.438344955444336
-4.790703296661377
-4.820457458496094
-3.994331121444702
-4.505712985992432
-4.838601589202881
-4.722999095916748
-5.279176712036133
-4.083829879760742
-5.186478137969971
-4.9660749435424805
-5.055225372314453
-4.680614471435547
-4.772817611694336
-4.068621635437012
-4.713161468505859
-4.948037624359131
-4.953444957733154
-5.027950286865234
-4.3110151290893555
-4.91568660736084
-4.761807918548584
-4.894207000732422
-4.525053977966309
-4.777039527893066
-4.940882682800293
-4.772329807281494
-4.266647815704346
-4.0309977531433105
-4.416749954223633
-4.522865295410156
-5.245279788970947
-4.197201251983643
-4.676657676696777
-5.228370189666748
-4.276184558868408
-4.51859188079834
-5.2284836769104
-4.666640758514404
-4.911344051361084
-4.9634623527526855
-4.692354679107666
-4.901809215545654
-4.1506829261779785
-4.455326080322266
-5.209301471710205
-5.059275150299072
-4.273674964904785
-4.8688740730285645
-4.218536853790283
-4.500072479248047
-5.264916896820068
-4.694725513458252
-4.670472145080566
-4.75534200668335
-5.380785942077637
-4.4783477783203125
-4.699554920196533
-4.919760704040527
-5.0982770919799805
-4.771644592285156
-3.950063943862915
-4.488484859466553
-5.091080188751221
-4.642270565032959
-4.7786173820495605
-4.31716251373291
-4.890596866607666
-5.253685474395752
-4.631736755371094
-5.252091407775879
-4.520420551300049
-4.7038702964782715
-4.407984733581543
-5.01230525970459
-4.374145984649658
-4.6526899337768555
-5.28062105178833
-4.721497535705566
-4.735790729522705
-4.96847677230835
-4.502668857574463
-4.661144256591797
-4.105287551879883
-4.783614158630371
-5.351898193359375
-5.340186595916748
-4.330582618713379
-4.8204216957092285
-4.719893932342529
-4.187372207641602
-5.013687610626221
-4.865010738372803
-4.539209842681885
-4.226775646209717
-4.603683948516846
-5.076745986938477
-4.71084451675415
-5.083137512207031
-5.0473737716674805
-4.743122577667236
-5.227168083190918
-4.407373905181885
-4.1901984214782715
-5.23189640045166
-4.562714576721191
-5.134273052215576
-4.491177558898926
-5.122629642486572
-4.309692859649658
-3.872953414916992
-4.68504524230957
-4.388457298278809
-4.436880588531494
-5.725765705108643
-4.669067859649658
-4.740659713745117
-4.300015926361084
-4.593410491943359
-5.138179302215576
-4.880311489105225
-4.44472074508667
-3.7364425659179688
-4.693167209625244
-5.068995952606201
-4.232538223266602
-4.829074859619141
-4.677460670471191
-4.734431266784668
-4.623076915740967
-4.9958391189575195
-5.10960578918457
-4.765391826629639
-5.144107818603516
-4.206203460693359
-4.9933085441589355
-4.715929985046387
-5.40206241607666
-4.9775872230529785
-4.191972732543945
-4.311016082763672
-4.732425689697266
-4.222700595855713
-4.678319454193115
-4.750188827514648
-5.047700881958008
-4.8352460861206055
-4.796762943267822
-4.512293815612793
-4.791250705718994
-4.926172733306885
-4.368674278259277
-4.517900466918945
-3.815350294113159
-4.881092548370361
-4.446718692779541
-4.712630748748779
-4.917478084564209
-3.9407973289489746
-4.258520603179932
-4.397214412689209
-5.199976921081543
-5.378030776977539
-4.6627583503723145
-4.978876113891602
-5.149984359741211
-4.974512577056885
-4.825402736663818
-5.316269397735596
-4.3859453201293945
-5.012739181518555
-4.318020820617676
-4.834001541137695
-4.4031243324279785
-4.839442253112793
-5.185462474822998
-4.890533924102783
-4.404123783111572
-5.428017616271973
-4.888635635375977
-4.781693935394287
-4.810401916503906
-4.763595104217529
-4.793490409851074
-5.372236251831055
-4.55850887298584
-4.555810451507568
-4.869945526123047
-4.818583965301514
-5.124496936798096
-3.9141433238983154
-4.665258407592773
-4.771083354949951
-4.821270942687988
-4.76662540435791
-4.602196216583252
-4.83969259262085
-4.621626377105713
-4.931976318359375
-4.735470294952393
-4.868782997131348
-4.252323150634766
-4.5762104988098145
-4.9862189292907715
-5.271289825439453
-4.446762561798096
-6.028830528259277
-4.868383884429932
-4.738574981689453
-4.535388946533203
-4.834818363189697
-5.062643051147461
-5.109504222869873
-4.821938991546631
-4.836884021759033
-5.5180487632751465
-4.976404666900635
-5.034162998199463
-5.349910259246826
-4.944817066192627
-4.90447998046875
-4.785888195037842
-4.894542217254639
-4.967967510223389
-4.905645370483398
-4.480997085571289
-5.0665154457092285
-4.924278259277344
-4.810518264770508
-5.2642741203308105
-4.891418933868408
-4.547308444976807
-4.878259658813477
-3.8038671016693115
-4.394736289978027
-4.714792251586914
-5.1455793380737305
-4.8186211585998535
-5.510916709899902
-4.563214302062988
-5.05214786529541
-4.837207317352295
-5.325325965881348
-4.0408406257629395
-4.147336483001709
-5.019202709197998
-4.684381484985352
-4.74520206451416
-4.703726291656494
-4.552481651306152
-5.179665565490723
-5.0234222412109375
-4.541892051696777
-4.928656101226807
-4.908294200897217
-4.586381435394287
-5.571409225463867
-5.12946891784668
-5.457597732543945
-4.686891555786133
-5.104816436767578
-4.684564590454102
-4.653512001037598
-4.618236064910889
-4.723423957824707
-4.571597576141357
-4.709396839141846
-4.5743536949157715
-4.574074745178223
-4.860769748687744
-5.201928615570068
-5.221833229064941
-4.639244079589844
-4.898764610290527
-4.474399566650391
-4.953901767730713
-4.473836421966553
-4.354035377502441
-4.614169120788574
-4.619032382965088
-5.286389350891113
-4.565482139587402
-5.092978477478027
-4.459874153137207
-4.593192100524902
-5.364074230194092
-4.335815906524658
-5.396739959716797
-5.0797319412231445
-4.730504035949707
-4.874546051025391
-4.502529621124268
-5.0234599113464355
-4.710859298706055
-4.043419361114502
-4.735298156738281
-5.104036331176758
-4.86620569229126
-4.522951126098633
-4.915942192077637
-4.223074913024902
-4.730622291564941
-5.10391902923584
-4.761744976043701
-4.920120716094971
-5.2259697914123535
-4.6839447021484375
-5.128161907196045
-5.069422245025635
-4.842184543609619
-4.753648281097412
-4.675391674041748
-4.24387264251709
-5.660630226135254
-4.470938682556152
-4.834573745727539
-4.674137115478516
-4.468445301055908
-4.6883931159973145
-4.57711124420166
-4.331547737121582
-4.701035022735596
-5.241695880889893
-4.6891865730285645
-5.23921537399292
-4.568174362182617
-5.002496242523193
-4.960779666900635
-4.441716194152832
-3.9461965560913086
-4.799355506896973
-4.620363712310791
-4.603989124298096
-5.817296504974365
-5.497713565826416
-4.593078136444092
-4.932809352874756
-5.26447057723999
-4.879305839538574
-4.4947919845581055
-5.136451244354248
-4.4245686531066895
-4.268543243408203
-4.480015754699707
-5.109839916229248
-4.897109031677246
-4.712777137756348
-5.31693696975708
-4.758972644805908
-4.837709426879883
-4.459862232208252
-5.118384838104248
-4.708169460296631
-4.777811050415039
-5.272862911224365
-4.880585193634033
-4.941254138946533
-5.062216758728027
-4.379583358764648
-5.187183380126953
-4.716348171234131
-4.71096134185791
-5.4632673263549805
-4.973688125610352
-5.063488960266113
-5.56825065612793
-4.995543003082275
-5.277822017669678
-5.2761359214782715
-4.004241943359375
-4.943868160247803
-4.4876790046691895
-4.52392578125
-4.22186279296875
-5.609911918640137
-5.2479376792907715
-4.649127960205078
-5.123924732208252
-4.563231945037842
-4.749518871307373
-5.444101810455322
-4.040981769561768
-4.29304313659668
-4.562686920166016
-5.590684413909912
-4.42873477935791
-4.791691303253174
-4.448087215423584
-4.784491539001465
-5.059325218200684
-4.799022197723389
-4.619782447814941
-5.437460899353027
-5.286318778991699
-5.033881187438965
-5.0570807456970215
-4.560410976409912
-5.008009433746338
-4.797356605529785
-4.8265814781188965
-4.6638922691345215
-4.899331569671631
-4.728618144989014
-4.464250087738037
-4.899285316467285
-4.127389907836914
-4.666760444641113
-4.941757678985596
-4.601354598999023
-5.425407409667969
-4.833348274230957
-4.322051525115967
-5.304673194885254
-4.626454830169678
-5.405537128448486
-5.281064510345459
-4.964483261108398
-4.793721675872803
-4.444301128387451
-4.6775803565979
-5.10506534576416
-5.078181266784668
-4.825351715087891
-4.794175148010254
-4.914900779724121
-5.022476673126221
-4.580564975738525
-4.535623550415039
-4.741390705108643
-5.073514461517334
-5.079094886779785
-4.574084281921387
-4.529651165008545
-4.936148166656494
-3.8285791873931885
-5.353630542755127
-4.763207912445068
-4.946271896362305
-5.713146209716797
-4.824347972869873
-4.775467872619629
-4.993241786956787
-4.2514967918396
-4.604673385620117
-4.97251033782959
-5.116230010986328
-4.432697296142578
-4.9105401039123535
-4.983042240142822
-4.275571346282959
-5.044877529144287
-5.1944661140441895
-4.770230770111084
-4.881227493286133
-4.933226108551025
-5.129639148712158
-4.918063163757324
-4.446106910705566
-4.945155143737793
-4.335379600524902
-5.042061805725098
-4.9270782470703125
-4.472768306732178
-4.963282108306885
-4.628942966461182
-5.194392204284668
-4.471295356750488
-4.9691667556762695
-4.961372375488281
-4.508126735687256
-4.87324857711792
-4.659448146820068
-4.925956726074219
-4.823773384094238
-4.617818355560303
-4.455499172210693
-4.867401123046875
-4.8772993087768555
-4.957122325897217
-4.628284454345703
-5.042718887329102
-4.809488296508789
-4.908683776855469
-4.954198837280273
-4.243019104003906
-4.649629592895508
-5.333105564117432
-4.84937047958374
-3.7849175930023193
-5.133879661560059
-4.699588298797607
-4.024929046630859
-4.651427745819092
-4.182200908660889
-4.396949768066406
-3.958073616027832
-5.150177478790283
-4.713777542114258
-4.919069766998291
-5.061786651611328
-4.323596954345703
-4.727778911590576
-5.064292907714844
-5.411007404327393
-4.752252578735352
-4.9100823402404785
-4.842376708984375
-4.786895751953125
-4.938189506530762
-5.632994651794434
-5.3113555908203125
-4.2266082763671875
-5.153217315673828
-4.931955814361572
-4.231620788574219
-5.113902568817139
-4.903680324554443
-4.8483734130859375
-4.931856632232666
-4.803991794586182
-5.085139751434326
-4.968008041381836
-5.056353569030762
-4.515002250671387
-4.510168075561523
-5.248482704162598
-4.115546703338623
-5.185995101928711
-4.646219253540039
-4.681101322174072
-4.514621257781982
-4.77937650680542
-4.451391696929932
-5.214266777038574
-5.120725631713867
-4.48445463180542
-4.84792947769165
